Data/MON10_13Aug2015052.cnv
* Sea-Bird SBE19plus Data File:
* FileName = C:\Users\User\Desktop\WorkingFolder\HEX\MON10_13Aug2015052.hex
* Software Version 1.59
* Temperature SN =  7506
* Conductivity SN =  7506
* System UpLoad Time = Aug 13 2015 16:21:58
* ds
* SBE 19plus V 2.5.2  SERIAL NO. 7506    13 Aug 2015 16:14:43
# nquan = 9
# nvalues = 1708                                  
# units = specified
# name 0 = scan: Scan Count
# name 1 = prdM: Pressure, Strain Gauge [db]
# name 2 = tv290C: Temperature [ITS-90, deg C]
# name 3 = c0uS/cm: Conductivity [uS/cm]
# name 4 = turbWETntu0: Turbidity, WET Labs ECO [NTU]
# name 5 = flECO-AFL: Fluorescence, WET Labs ECO-AFL/FL [mg/m^3]
# name 6 = sbeox0Mg/L: Oxygen, SBE 43 [mg/l]
# name 7 = par: PAR/Irradiance, Biospherical/Licor
# name 8 = flag:  0.000e+00
# span 0 =          1,       1708                 
# span 1 =     -0.648,     37.181                 
# span 2 =    12.5436,    19.6221                 
# span 3 =   1.785928,  86.566696                 
# span 4 =   -11.3490,    18.2360                 
# span 5 =    -3.0951,     8.3984                 
# span 6 =     5.5706,    10.4521                 
# span 7 = 1.0000e-12, 3.4183e+03                 
# span 8 = 0.0000e+00, 0.0000e+00                 
# interval = seconds: 0.25
# start_time = Aug 12 2015 09:31:04 [Instrument's time stamp, header]
# bad_flag = -9.990e-29
*END*
[from data line 1281]
       1282     37.122    12.5625  49.459211    12.9010     0.1991     8.3682 4.4200e-05  0.000e+00
       1283     37.119    12.5603  49.429528    12.5615     0.1991     8.3706 1.0000e-12  0.000e+00
       1284     37.113    12.5583  49.459212    11.7855     0.2172     8.3676 5.9128e-05  0.000e+00
       1285     37.113    12.5576  49.459212    12.6100     0.1810     8.3612 5.9128e-05  0.000e+00
       1286     37.109    12.5571  49.459212    13.0465     0.1810     8.3564 7.4059e-05  0.000e+00
       1287     37.104    12.5569  49.518579    12.1250     0.1991     8.3519 1.0000e-12  0.000e+00
       1288     37.091    12.5565  49.459212    11.4945     0.1991     8.3511 8.8992e-05  0.000e+00
       1289     37.091    12.5569  49.518579    13.2890     0.2353     8.3537 1.0000e-12  0.000e+00
       1290     37.107    12.5573  49.577947    13.9680     0.2353     8.3559 5.9128e-05  0.000e+00
       1291     37.121    12.5548  49.577947    13.2405     0.2172     8.3599 4.4200e-05  0.000e+00
       1292     37.118    12.5517  49.637315    12.6100     0.2172     8.3651 4.4200e-05  0.000e+00
       1293     37.097    12.5500  49.577948    11.3490     0.2172     8.3675 1.0393e-04  0.000e+00
       1294     37.071    12.5507  49.577948    12.7555     0.1991     8.3679 7.4059e-05  0.000e+00
       1295     37.073    12.5525  49.518580    12.6100     0.2172     8.3589 2.9274e-05  0.000e+00
       1296     37.091    12.5534  49.518580    13.6285     0.2172     8.3544 7.4059e-05  0.000e+00
       1297     37.112    12.5527  49.577948    13.5800     0.2172     8.3475 5.9128e-05  0.000e+00
       1298     37.110    12.5514  49.577948    13.0465     0.2172     8.3389 4.4200e-05  0.000e+00
       1299     37.088    12.5502  49.607632    11.7370     0.2172     8.3371 1.4351e-05  0.000e+00
       1300     37.066    12.5493  49.518580    11.7855     0.2353     8.3229 1.0000e-12  0.000e+00
       1301     37.063    12.5500  49.577948    13.3375     0.2172     8.3119 2.9274e-05  0.000e+00
       1302     37.078    12.5510  49.607631    14.0165     0.1991     8.3120 7.4059e-05  0.000e+00
       1303     37.094    12.5498  49.637315    13.8710     0.2353     8.3197 7.4059e-05  0.000e+00
       1304     37.099    12.5471  49.637316    12.4160     0.2172     8.3192 1.0000e-12  0.000e+00
       1305     37.085    12.5451  49.607632    11.6885     0.2353     8.3203 2.9274e-05  0.000e+00
       1306     37.068    12.5449  49.577949    12.4645     0.2172     8.3255 1.0000e-12  0.000e+00
       1307     37.072    12.5456  49.667000    13.6285     0.2172     8.3369 1.6370e-04  0.000e+00
       1308     37.086    12.5459  49.637316    13.5800     0.1991     8.3444 2.9274e-05  0.000e+00
       1309     37.094    12.5454  49.637316    13.5800     0.1991     8.3467 2.9274e-05  0.000e+00
       1310     37.087    12.5441  49.667000    12.7555     0.1810     8.3436 2.9274e-05  0.000e+00
       1311     37.073    12.5436  49.637316    11.9310     0.2172     8.3459 2.9274e-05  0.000e+00
       1312     37.064    12.5442  49.637316    12.6585     0.1991     8.3437 1.0393e-04  0.000e+00
       1313     37.071    12.5452  49.607632    12.5130     0.2172     8.3404 1.0000e-12  0.000e+00
       1314     37.086    12.5458  49.637316    13.5315     0.2172     8.3334 7.4059e-05  0.000e+00
       1315     37.099    12.5450  49.637316    13.2890     0.2172     8.3275 7.4059e-05  0.000e+00
       1316     37.096    12.5439  49.607633    12.9495     0.1810     8.3218 1.0000e-12  0.000e+00
       1317     37.090    12.5439  49.696684    12.3675     0.2172     8.3127 7.4059e-05  0.000e+00
       1318     37.092    12.5445  49.607633    13.0950     0.1991     8.3097 7.4059e-05  0.000e+00
       1319     37.103    12.5454  49.577949    13.3375     0.2172     8.3081 7.4059e-05  0.000e+00
       1320     37.104    12.5455  49.637316    13.1435     0.2353     8.3108 2.9274e-05  0.000e+00
       1321     37.091    12.5455  49.577949    12.0765     0.2172     8.3147 7.4059e-05  0.000e+00
       1322     37.076    12.5456  49.637316    12.2705     0.1991     8.3220 7.4059e-05  0.000e+00
       1323     37.082    12.5470  49.637316    13.3375     0.1991     8.3291 2.9274e-05  0.000e+00
       1324     37.100    12.5479  49.607632    14.7925     0.1991     8.3394 2.9274e-05  0.000e+00
       1325     37.115    12.5476  49.637316    13.7740     0.2353     8.3503 2.9274e-05  0.000e+00
       1326     37.113    12.5457  49.667000    13.6285     0.1991     8.3544 1.1887e-04  0.000e+00
       1327     37.097    12.5449  49.577949    11.8825     0.2172     8.3565 1.0000e-12  0.000e+00
       1328     37.083    12.5456  49.696684    13.2405     0.1991     8.3536 4.4200e-05  0.000e+00
       1329     37.083    12.5472  49.667000    13.4345     0.1991     8.3490 1.0000e-12  0.000e+00
       1330     37.090    12.5486  49.637316    13.3860     0.2172     8.3469 5.9128e-05  0.000e+00
       1331     37.102    12.5486  49.696684    12.7555     0.2172     8.3421 7.4059e-05  0.000e+00
       1332     37.104    12.5469  49.667000    12.2705     0.2172     8.3409 1.0000e-12  0.000e+00
       1333     37.096    12.5454  49.637316    11.8340     0.1991     8.3384 1.0000e-12  0.000e+00
       1334     37.089    12.5453  49.667000    12.1250     0.1991     8.3505 4.4200e-05  0.000e+00
       1335     37.090    12.5458  49.696684    12.6100     0.2353     8.3519 1.4351e-05  0.000e+00
       1336     37.088    12.5459  49.696684    14.2105     0.2353     8.3520 7.4059e-05  0.000e+00
       1337     37.086    12.5454  49.607632    12.3675     0.1991     8.3524 1.4351e-05  0.000e+00
       1338     37.077    12.5448  49.696684    12.3675     0.1991     8.3433 2.9274e-05  0.000e+00
       1339     37.057    12.5448  49.637316    12.7070     0.2172     8.3306 1.0000e-12  0.000e+00
       1340     36.990    12.5452  49.607632    11.6885     0.1991     8.3182 2.9274e-05  0.000e+00
       1341     36.854    12.5469  49.518580    12.5615     0.1991     8.3066 4.4200e-05  0.000e+00
       1342     36.689    12.5513  49.518578    12.8040     0.1991     8.2946 1.4351e-05  0.000e+00
       1343     36.530    12.5568  49.459209    13.0465     0.2353     8.2994 1.0000e-12  0.000e+00
       1344     36.387    12.5615  49.370157    12.8525     0.2353     8.3028 1.0393e-04  0.000e+00
       1345     36.248    12.5655  49.429523    12.8525     0.2172     8.3100 1.0393e-04  0.000e+00
       1346     36.103    12.5683  49.429522    12.9495     0.1991     8.3273 2.9274e-05  0.000e+00
       1347     35.949    12.5701  49.370154    12.8040     0.2172     8.3374 1.0000e-12  0.000e+00
       1348     35.803    12.5717  49.340470    12.7070     0.2172     8.3554 4.4200e-05  0.000e+00
       1349     35.674    12.5725  49.310786    12.9980     0.1991     8.3669 2.9274e-05  0.000e+00
       1350     35.547    12.5723  49.310785    12.6100     0.2172     8.3744 8.8992e-05  0.000e+00
       1351     35.411    12.5724  49.340468    12.8040     0.2172     8.3866 1.1887e-04  0.000e+00
       1352     35.266    12.5727  49.251417    12.7070     0.2172     8.3914 5.9128e-05  0.000e+00
       1353     35.119    12.5732  49.221733    12.8040     0.1991     8.3948 5.9128e-05  0.000e+00
       1354     34.967    12.5752  49.102999    12.6585     0.2172     8.4015 1.0000e-12  0.000e+00
       1355     34.831    12.5781  49.043632    12.9980     0.1991     8.4094 1.4351e-05  0.000e+00
       1356     34.699    12.5813  48.984266    12.0765     0.1991     8.4099 5.9128e-05  0.000e+00
       1357     34.565    12.5847  48.865533    12.5615     0.2172     8.4113 4.4200e-05  0.000e+00
       1358     34.424    12.5901  48.776484    13.1435     0.2172     8.4100 1.1887e-04  0.000e+00
       1359     34.275    12.6001  48.568705    12.3190     0.2172     8.4048 2.9274e-05  0.000e+00
       1360     34.122    12.6127  48.509338    12.1735     0.1991     8.4079 2.9274e-05  0.000e+00
       1361     33.979    12.6241  48.509336    12.2705     0.1991     8.4124 1.0393e-04  0.000e+00
       1362     33.837    12.6336  48.509333    12.1250     0.1991     8.4167 5.9128e-05  0.000e+00
       1363     33.695    12.6412  48.539014    12.3190     0.2172     8.4355 1.0000e-12  0.000e+00
       1364     33.554    12.6469  48.568694    12.3675     0.2172     8.4590 2.9274e-05  0.000e+00
       1365     33.422    12.6541  48.539010    12.1250     0.2172     8.4918 1.4351e-05  0.000e+00
       1366     33.282    12.6606  48.598373    12.1250     0.2172     8.5189 5.9128e-05  0.000e+00
       1367     33.138    12.6667  48.568689    12.0765     0.2172     8.5452 1.4351e-05  0.000e+00
       1368     32.994    12.6721  48.598370    12.3675     0.2172     8.5672 7.4059e-05  0.000e+00
       1369     32.859    12.6763  48.509322    12.0765     0.1991     8.5793 2.9274e-05  0.000e+00
       1370     32.731    12.6807  48.568685    12.3190     0.2172     8.5892 5.9128e-05  0.000e+00
       1371     32.597    12.6854  48.539002    12.7070     0.2172     8.5821 4.4200e-05  0.000e+00
       1372     32.459    12.6890  48.509318    12.5130     0.2353     8.5770 2.9274e-05  0.000e+00
       1373     32.332    12.6923  48.390589    12.1735     0.2172     8.5776 1.4351e-05  0.000e+00
       1374     32.218    12.6978  48.331224    12.1735     0.2353     8.5770 1.0393e-04  0.000e+00
       1375     32.095    12.7042  48.331222    12.4160     0.2172     8.5727 7.4059e-05  0.000e+00
       1376     31.953    12.7103  48.123449    12.4160     0.2172     8.5708 2.9274e-05  0.000e+00
       1377     31.800    12.7202  48.064084    11.8825     0.2172     8.5696 1.0000e-12  0.000e+00
       1378     31.663    12.7320  48.034400    11.7370     0.2353     8.5724 4.4200e-05  0.000e+00
       1379     31.553    12.7404  48.064079    11.8825     0.2534     8.5814 4.4200e-05  0.000e+00
       1380     31.448    12.7460  47.915671    11.9310     0.2172     8.5832 1.0393e-04  0.000e+00
       1381     31.323    12.7532  47.975032    12.0765     0.2353     8.5942 5.9128e-05  0.000e+00
       1382     31.178    12.7603  47.945349    11.7370     0.2353     8.6127 1.0393e-04  0.000e+00
       1383     31.038    12.7689  47.945347    11.8340     0.1991     8.6330 1.0000e-12  0.000e+00
       1384     30.913    12.7791  48.004708    11.5915     0.2353     8.6507 2.9274e-05  0.000e+00
       1385     30.795    12.7879  47.945343    11.6400     0.2172     8.6595 1.0000e-12  0.000e+00
       1386     30.671    12.7947  47.885979    11.9310     0.2172     8.6725 5.9128e-05  0.000e+00
       1387     30.537    12.8027  47.945340    11.6885     0.1991     8.6743 1.0000e-12  0.000e+00
       1388     30.411    12.8104  47.915657    11.3975     0.1991     8.6814 1.0000e-12  0.000e+00
       1389     30.293    12.8190  47.945336    11.7855     0.1991     8.6801 1.0000e-12  0.000e+00
       1390     30.169    12.8266  47.915653    11.7370     0.2172     8.6834 1.0000e-12  0.000e+00
       1391     30.039    12.8353  47.826608    11.2520     0.2172     8.6870 1.0000e-12  0.000e+00
       1392     29.899    12.8439  47.915649    11.5430     0.1991     8.6859 1.0000e-12  0.000e+00
       1393     29.776    12.8513  47.856285    11.3490     0.2353     8.6874 8.8992e-05  0.000e+00
       1394     29.663    12.8578  47.885965    11.1065     0.2172     8.6886 1.0393e-04  0.000e+00
       1395     29.556    12.8627  47.915645    10.9610     0.2534     8.6912 1.0000e-12  0.000e+00
       1396     29.431    12.8669  47.856281    11.3975     0.2172     8.6914 7.4059e-05  0.000e+00
       1397     29.304    12.8733  47.945323    11.0095     0.2172     8.6894 8.8992e-05  0.000e+00
       1398     29.171    12.8804  47.915640    11.2520     0.2353     8.6894 1.0000e-12  0.000e+00
       1399     29.039    12.8883  47.915638    10.9610     0.1991     8.6901 7.4059e-05  0.000e+00
       1400     28.909    12.8958  47.945318    11.2520     0.2172     8.6967 8.8992e-05  0.000e+00
       1401     28.792    12.9019  47.915635    11.1550     0.1991     8.6962 2.9274e-05  0.000e+00
       1402     28.683    12.9066  47.945315    11.0095     0.2534     8.7028 1.0000e-12  0.000e+00
       1403     28.564    12.9114  47.945314    10.8640     0.2172     8.7034 1.0000e-12  0.000e+00
       1404     28.428    12.9149  48.004675    10.8640     0.2172     8.6985 4.4200e-05  0.000e+00
       1405     28.288    12.9212  47.974992    11.0580     0.2534     8.6955 8.8992e-05  0.000e+00
       1406     28.158    12.9281  47.945309    10.9610     0.2172     8.6948 1.0000e-12  0.000e+00
       1407     28.040    12.9354  47.945308    10.9610     0.2353     8.6978 5.9128e-05  0.000e+00
       1408     27.929    12.9419  47.974987    11.0095     0.2172     8.7010 4.4200e-05  0.000e+00
       1409     27.806    12.9470  48.004667    10.9125     0.2353     8.6930 4.4200e-05  0.000e+00
       1410     27.667    12.9516  48.004666    10.8640     0.2353     8.6957 1.0393e-04  0.000e+00
       1411     27.526    12.9574  47.974983    10.7670     0.2172     8.6851 2.9274e-05  0.000e+00
       1412     27.407    12.9646  48.004663    10.8155     0.2172     8.7124 2.9274e-05  0.000e+00
       1413     27.296    12.9720  47.945298    10.8155     0.2172     8.7076 8.8992e-05  0.000e+00
       1414     27.182    12.9779  47.915616    10.4760     0.2353     8.7056 4.4200e-05  0.000e+00
       1415     27.049    12.9828  48.004658    10.6215     0.2353     8.6655 7.4059e-05  0.000e+00
       1416     26.920    12.9883  47.945294    10.4760     0.2353     8.6801 1.0393e-04  0.000e+00
       1417     26.801    12.9934  47.945293    10.6700     0.2172     8.7169 1.0000e-12  0.000e+00
       1418     26.689    12.9977  47.945292    10.4760     0.2353     8.7131 1.0393e-04  0.000e+00
       1419     26.567    13.0020  47.945290    10.8155     0.2353     8.7100 2.9274e-05  0.000e+00
       1420     26.431    13.0065  47.945289    10.6700     0.2534     8.7108 4.4200e-05  0.000e+00
       1421     26.288    13.0125  47.974969    10.3790     0.2534     8.7243 1.0393e-04  0.000e+00
       1422     26.157    13.0202  48.004648    10.4275     0.2534     8.7278 4.4200e-05  0.000e+00
       1423     26.043    13.0274  48.004647    10.3305     0.2353     8.7388 1.0000e-12  0.000e+00
       1424     25.935    13.0326  48.034327    10.6215     0.2172     8.7239 4.4200e-05  0.000e+00
       1425     25.812    13.0368  48.064007    10.2820     0.2534     8.7219 1.4351e-05  0.000e+00
       1426     25.676    13.0400  48.064006    10.2820     0.2353     8.7361 1.0000e-12  0.000e+00
       1427     25.539    13.0432  48.093686    10.4275     0.2172     8.7464 1.0000e-12  0.000e+00
       1428     25.415    13.0460  48.064003    10.3305     0.2353     8.7512 5.9128e-05  0.000e+00
       1429     25.289    13.0482  48.123365    10.3790     0.2534     8.7575 7.4059e-05  0.000e+00
       1430     25.156    13.0502  48.093683    10.4760     0.2534     8.7596 7.4059e-05  0.000e+00
       1431     25.014    13.0520  48.182727    10.2820     0.2534     8.7575 1.0000e-12  0.000e+00
       1432     24.877    13.0538  48.182726    10.1850     0.2172     8.7544 5.9128e-05  0.000e+00
       1433     24.738    13.0556  48.182725    10.2335     0.2534     8.7499 1.0000e-12  0.000e+00
       1434     24.606    13.0573  48.182724     9.9425     0.2172     8.7451 2.9274e-05  0.000e+00
       1435     24.479    13.0593  48.212405     9.8940     0.2353     8.7359 5.9128e-05  0.000e+00
       1436     24.363    13.0625  48.271767     9.8455     0.2715     8.7354 7.4059e-05  0.000e+00
       1437     24.252    13.0651  48.242084     9.6030     0.2534     8.7325 1.0000e-12  0.000e+00
       1438     24.121    13.0662  48.271765     9.5545     0.2534     8.7280 2.9274e-05  0.000e+00
       1439     23.984    13.0689  48.331128     9.5060     0.2715     8.7259 5.9128e-05  0.000e+00
       1440     23.857    13.0753  48.449853     9.4575     0.1991     8.7146 1.4351e-05  0.000e+00
