Data/MON10_13Aug2015053.cnv
* Sea-Bird SBE19plus Data File:
* FileName = C:\Users\User\Desktop\WorkingFolder\HEX\MON10_13Aug2015053.hex
* Software Version 1.59
* Temperature SN =  7506
* Conductivity SN =  7506
* System UpLoad Time = Aug 13 2015 16:22:55
* ds
* SBE 19plus V 2.5.2  SERIAL NO. 7506    13 Aug 2015 16:14:43
# nquan = 9
# nvalues = 1318                                  
# units = specified
# name 0 = scan: Scan Count
# name 1 = prdM: Pressure, Strain Gauge [db]
# name 2 = tv290C: Temperature [ITS-90, deg C]
# name 3 = c0uS/cm: Conductivity [uS/cm]
# name 4 = turbWETntu0: Turbidity, WET Labs ECO [NTU]
# name 5 = flECO-AFL: Fluorescence, WET Labs ECO-AFL/FL [mg/m^3]
# name 6 = sbeox0Mg/L: Oxygen, SBE 43 [mg/l]
# name 7 = par: PAR/Irradiance, Biospherical/Licor
# name 8 = flag:  0.000e+00
# span 0 =          1,       1318                 
# span 1 =     -0.655,     24.607                 
# span 2 =    12.5309,    19.6638                 
# span 3 =   0.779189,  84.395878                 
# span 4 =   -22.4555,    35.3080                 
# span 5 =    -6.7875,     8.4527                 
# span 6 =     5.5457,    10.3095                 
# span 7 = 1.0000e-12, 4.0978e+03                 
# span 8 = 0.0000e+00, 0.0000e+00                 
# interval = seconds: 0.25
# start_time = Aug 12 2015 10:36:03 [Instrument's time stamp, header]
# bad_flag = -9.990e-29
*END*
[from data line 961]
        962     22.002    12.5823  42.900171    30.4095     0.2896     8.9319 4.4200e-05  0.000e+00
        963     22.060    12.5810  42.900172    31.1855     0.2715     8.9352 4.4200e-05  0.000e+00
        964     22.116    12.5798  42.900172    31.4765     0.2715     8.9367 2.9274e-05  0.000e+00
        965     22.156    12.5790  42.900172    28.5180     0.2715     8.9360 4.4200e-05  0.000e+00
        966     22.186    12.5784  42.900172    26.3355     0.2715     8.9539 7.4059e-05  0.000e+00
        967     22.210    12.5778  42.900173    26.5295     0.2715     8.9468 7.4059e-05  0.000e+00
        968     22.240    12.5774  42.840826    27.0145     0.2715     8.9410 1.3381e-04  0.000e+00
        969     22.287    12.5771  42.900173    28.9545     0.2896     8.9287 7.4059e-05  0.000e+00
        970     22.344    12.5765  42.900173    32.0100     0.2715     8.9252 4.4200e-05  0.000e+00
        971     22.389    12.5756  42.900174    28.7120     0.2534     8.9145 2.9274e-05  0.000e+00
        972     22.404    12.5750  42.840827    26.9660     0.2715     8.9063 1.4351e-05  0.000e+00
        973     22.396    12.5749  42.900174    22.4070     0.2534     8.8987 2.9274e-05  0.000e+00
        974     22.395    12.5787  42.900173    24.6380     0.3258     8.8886 4.4200e-05  0.000e+00
        975     22.407    12.5828  42.900173    25.0745     0.2715     8.8949 7.4059e-05  0.000e+00
        976     22.418    12.5839  42.900173    24.6380     0.2534     8.9013 7.4059e-05  0.000e+00
        977     22.443    12.5823  42.840826    24.1530     0.2715     8.9039 7.4059e-05  0.000e+00
        978     22.497    12.5795  42.989195    33.4650     0.2896     8.9012 8.8992e-05  0.000e+00
        979     22.572    12.5771  42.959522    33.0285     0.2715     8.9042 1.4351e-05  0.000e+00
        980     22.639    12.5754  42.929848    28.6635     0.2896     8.9025 5.9128e-05  0.000e+00
        981     22.686    12.5746  42.900175    27.5480     0.2715     8.9161 2.9274e-05  0.000e+00
        982     22.726    12.5740  42.929849    29.1970     0.2715     8.9166 4.4200e-05  0.000e+00
        983     22.781    12.5742  42.900175    33.2710     0.2896     8.9157 1.0000e-12  0.000e+00
        984     22.845    12.5740  42.989197    31.7675     0.2896     8.9131 4.4200e-05  0.000e+00
        985     22.907    12.5735  42.929850    30.0700     0.2715     8.9092 1.3381e-04  0.000e+00
        986     22.963    12.5731  42.900176    31.9615     0.3077     8.9100 1.0000e-12  0.000e+00
        987     23.034    12.5730  42.959524    32.0100     0.2715     8.8982 1.0000e-12  0.000e+00
        988     23.114    12.5728  43.048546    32.5920     0.2715     8.9008 7.4059e-05  0.000e+00
        989     23.197    12.5721  43.048546    33.6590     0.2715     8.8970 1.0000e-12  0.000e+00
        990     23.267    12.5713  43.048547    32.9800     0.2715     8.9061 1.0393e-04  0.000e+00
        991     23.325    12.5703  43.048547    31.0400     0.2715     8.9097 1.0000e-12  0.000e+00
        992     23.373    12.5696  43.048547    30.7975     0.2715     8.9117 5.9128e-05  0.000e+00
        993     23.416    12.5689  43.048547    31.1855     0.3077     8.9132 1.0393e-04  0.000e+00
        994     23.457    12.5686  43.048548    30.8945     0.2534     8.9130 8.8992e-05  0.000e+00
        995     23.492    12.5688  43.078222    31.2340     0.2896     8.9079 5.9128e-05  0.000e+00
        996     23.529    12.5679  43.167244    29.9245     0.2715     8.9044 8.8992e-05  0.000e+00
        997     23.567    12.5672  43.048548    30.3125     0.2896     8.8944 1.0393e-04  0.000e+00
        998     23.612    12.5662  43.078223    31.2340     0.2715     8.8872 1.0000e-12  0.000e+00
        999     23.665    12.5652  43.107897    30.5065     0.2534     8.8799 2.9274e-05  0.000e+00
       1000     23.721    12.5634  43.167245    33.0285     0.2534     8.8815 1.0393e-04  0.000e+00
       1001     23.768    12.5618  43.137572    31.4280     0.2715     8.8786 1.7865e-04  0.000e+00
       1002     23.793    12.5607  43.167246    29.0030     0.2715     8.8795 1.0393e-04  0.000e+00
       1003     23.808    12.5601  43.078224    26.9175     0.2896     8.8806 7.4059e-05  0.000e+00
       1004     23.837    12.5605  43.167246    27.8875     0.2896     8.8663 2.9274e-05  0.000e+00
       1005     23.870    12.5600  43.256269    28.6635     0.2534     8.8577 1.0393e-04  0.000e+00
       1006     23.901    12.5555  43.315618    25.9475     0.2534     8.8519 5.9128e-05  0.000e+00
       1007     23.924    12.5495  43.434316    24.7350     0.2534     8.8437 5.9128e-05  0.000e+00
       1008     23.945    12.5442  43.434317    26.2385     0.2715     8.8421 1.3381e-04  0.000e+00
       1009     23.976    12.5417  43.434318    29.5365     0.2353     8.8396 7.4059e-05  0.000e+00
       1010     24.011    12.5398  43.256272    29.6335     0.2715     8.8416 5.9128e-05  0.000e+00
       1011     24.035    12.5379  43.256272    27.5965     0.2896     8.8336 4.4200e-05  0.000e+00
       1012     24.034    12.5364  43.285947    24.4440     0.2534     8.8365 1.0000e-12  0.000e+00
       1013     24.024    12.5363  43.315621    22.6010     0.2353     8.8320 1.0000e-12  0.000e+00
       1014     24.027    12.5402  43.315621    24.2500     0.2353     8.8292 5.9128e-05  0.000e+00
       1015     24.040    12.5447  43.374969    24.7835     0.2715     8.8262 7.4059e-05  0.000e+00
       1016     24.038    12.5462  43.315620    22.6010     0.2534     8.8253 2.9274e-05  0.000e+00
       1017     24.030    12.5461  43.285946    21.9220     0.2534     8.8237 1.1887e-04  0.000e+00
       1018     24.027    12.5475  43.256271    26.2385     0.2715     8.8215 7.4059e-05  0.000e+00
       1019     24.036    12.5490  43.256271    25.4140     0.2715     8.8179 2.9274e-05  0.000e+00
       1020     24.041    12.5504  43.315619    25.8990     0.2534     8.8185 7.4059e-05  0.000e+00
       1021     24.041    12.5505  43.256271    25.4625     0.2534     8.8109 1.4351e-05  0.000e+00
       1022     24.045    12.5490  43.285945    25.4625     0.2353     8.8096 4.4200e-05  0.000e+00
       1023     24.064    12.5464  43.315620    27.5480     0.2534     8.8135 5.9128e-05  0.000e+00
       1024     24.110    12.5449  43.315620    30.7975     0.2896     8.8194 4.4200e-05  0.000e+00
       1025     24.181    12.5417  43.226598    35.3080     0.2715     8.8311 7.4059e-05  0.000e+00
       1026     24.254    12.5382  43.167251    34.9685     0.2896     8.8446 2.9274e-05  0.000e+00
       1027     24.312    12.5356  43.167252    32.1070     0.2896     8.8557 8.8992e-05  0.000e+00
       1028     24.349    12.5338  43.137578    28.4210     0.2353     8.8585 2.9274e-05  0.000e+00
       1029     24.369    12.5329  43.167252    26.4810     0.2534     8.8679 1.0000e-12  0.000e+00
       1030     24.395    12.5330  43.196926    27.6935     0.2534     8.8699 2.9274e-05  0.000e+00
       1031     24.433    12.5344  43.226600    29.0515     0.2534     8.8621 8.8992e-05  0.000e+00
       1032     24.486    12.5345  43.167253    28.5665     0.2353     8.8468 7.4059e-05  0.000e+00
       1033     24.528    12.5329  43.137579    32.4465     0.2534     8.8395 5.9128e-05  0.000e+00
       1034     24.549    12.5317  43.167253    28.4695     0.2534     8.8355 1.0000e-12  0.000e+00
       1035     24.549    12.5309  43.167253    23.8620     0.2534     8.8361 7.4059e-05  0.000e+00
       1036     24.550    12.5309  43.196927    24.5410     0.2353     8.8391 4.4200e-05  0.000e+00
       1037     24.561    12.5337  43.196927    26.6265     0.2534     8.8492 7.4059e-05  0.000e+00
       1038     24.566    12.5374  43.167252    24.3470     0.2353     8.8593 4.4200e-05  0.000e+00
       1039     24.562    12.5388  43.226600    22.6495     0.2534     8.8628 1.0000e-12  0.000e+00
       1040     24.567    12.5403  43.196926    21.9220     0.2353     8.8669 1.0000e-12  0.000e+00
       1041     24.591    12.5426  43.196926    24.7835     0.2534     8.8649 1.0000e-12  0.000e+00
       1042     24.607    12.5422  43.137578    24.1045     0.2534     8.8554 1.0000e-12  0.000e+00
       1043     24.594    12.5406  43.196926    22.0190     0.2534     8.8508 2.9274e-05  0.000e+00
       1044     24.576    12.5400  43.137578    21.5340     0.2172     8.8459 1.0000e-12  0.000e+00
       1045     24.569    12.5409  43.196926    25.7535     0.2534     8.8368 2.9274e-05  0.000e+00
       1046     24.588    12.5429  43.196926    24.7835     0.2534     8.8412 4.4200e-05  0.000e+00
       1047     24.600    12.5440  43.196926    24.0075     0.2353     8.8446 2.9274e-05  0.000e+00
       1048     24.597    12.5420  43.196926    23.4740     0.2534     8.8457 8.8992e-05  0.000e+00
       1049     24.589    12.5401  43.167252    22.7950     0.2353     8.8465 1.0000e-12  0.000e+00
       1050     24.593    12.5411  43.196926    26.2385     0.2715     8.8485 2.9274e-05  0.000e+00
       1051     24.600    12.5425  43.167252    25.5595     0.2715     8.8492 4.4200e-05  0.000e+00
       1052     24.601    12.5425  43.137578    23.5225     0.2353     8.8551 1.4351e-05  0.000e+00
       1053     24.588    12.5413  43.167252    22.0190     0.2172     8.8600 2.9274e-05  0.000e+00
       1054     24.577    12.5412  43.196926    21.6795     0.2353     8.8594 4.4200e-05  0.000e+00
       1055     24.578    12.5409  43.196926    25.8505     0.2353     8.8556 1.4351e-05  0.000e+00
       1056     24.592    12.5397  43.167252    25.4625     0.2715     8.8526 1.0000e-12  0.000e+00
       1057     24.600    12.5400  43.167252    24.7835     0.2715     8.8557 8.8992e-05  0.000e+00
       1058     24.597    12.5388  43.137578    23.5225     0.2353     8.8453 5.9128e-05  0.000e+00
       1059     24.583    12.5379  43.167252    23.5710     0.2353     8.8386 1.6370e-04  0.000e+00
       1060     24.577    12.5384  43.196926    23.2800     0.2353     8.8355 1.0393e-04  0.000e+00
       1061     24.584    12.5394  43.137578    25.1715     0.2715     8.8344 8.8992e-05  0.000e+00
       1062     24.597    12.5402  43.196926    25.1715     0.2353     8.8395 1.4351e-05  0.000e+00
       1063     24.599    12.5401  43.196926    25.9960     0.2534     8.8516 4.4200e-05  0.000e+00
       1064     24.594    12.5382  43.196926    24.9290     0.2534     8.8512 1.0000e-12  0.000e+00
       1065     24.588    12.5382  43.196926    23.5225     0.2353     8.8465 2.9274e-05  0.000e+00
       1066     24.587    12.5398  43.196926    23.2315     0.2353     8.8444 1.0000e-12  0.000e+00
       1067     24.598    12.5413  43.196926    25.8990     0.2172     8.8391 1.0000e-12  0.000e+00
       1068     24.605    12.5408  43.167252    24.2015     0.2353     8.8361 1.0000e-12  0.000e+00
       1069     24.596    12.5397  43.196926    22.1160     0.2172     8.8323 2.9274e-05  0.000e+00
       1070     24.582    12.5392  43.196926    22.8920     0.2353     8.8277 7.4059e-05  0.000e+00
       1071     24.581    12.5396  43.196926    23.6195     0.2353     8.8288 5.9128e-05  0.000e+00
       1072     24.592    12.5400  43.196926    26.5295     0.2353     8.8316 4.4200e-05  0.000e+00
       1073     24.605    12.5400  43.196926    25.7535     0.2353     8.8376 4.4200e-05  0.000e+00
       1074     24.605    12.5390  43.196926    25.1715     0.2534     8.8460 1.0000e-12  0.000e+00
       1075     24.586    12.5386  43.167252    25.1715     0.2534     8.8476 2.9274e-05  0.000e+00
       1076     24.572    12.5398  43.167252    25.1715     0.2534     8.8530 5.9128e-05  0.000e+00
       1077     24.539    12.5414  43.196926    22.5040     0.2715     8.8638 1.0000e-12  0.000e+00
       1078     24.456    12.5434  43.196925    22.4070     0.2715     8.8628 5.9128e-05  0.000e+00
       1079     24.326    12.5476  43.196924    24.2015     0.2172     8.8675 7.4059e-05  0.000e+00
       1080     24.198    12.5544  43.167249    24.1045     0.2172     8.8681 2.9274e-05  0.000e+00
       1081     24.092    12.5596  43.226596    24.3470     0.2534     8.8641 1.1887e-04  0.000e+00
       1082     23.992    12.5617  43.256269    23.3285     0.2534     8.8560 7.4059e-05  0.000e+00
       1083     23.867    12.5639  43.196920    23.2315     0.2172     8.8528 5.9128e-05  0.000e+00
       1084     23.724    12.5644  43.285942    24.2985     0.2353     8.8441 1.0000e-12  0.000e+00
       1085     23.588    12.5633  43.256267    24.3470     0.2534     8.8314 7.4059e-05  0.000e+00
       1086     23.470    12.5637  43.256267    23.7650     0.2534     8.8254 5.9128e-05  0.000e+00
       1087     23.357    12.5621  43.285940    24.2500     0.2353     8.8216 8.8992e-05  0.000e+00
       1088     23.247    12.5598  43.256266    23.9105     0.2534     8.8226 4.4200e-05  0.000e+00
       1089     23.137    12.5561  43.285940    24.7350     0.2172     8.8309 5.9128e-05  0.000e+00
       1090     23.020    12.5541  43.256266    23.8135     0.2715     8.8354 1.0393e-04  0.000e+00
       1091     22.894    12.5537  43.256266    23.9105     0.2715     8.8443 7.4059e-05  0.000e+00
       1092     22.774    12.5542  43.137569    24.2500     0.2534     8.8486 7.4059e-05  0.000e+00
       1093     22.657    12.5554  43.196916    25.0260     0.2715     8.8609 4.4200e-05  0.000e+00
       1094     22.539    12.5573  43.167241    26.0930     0.2896     8.8577 1.0000e-12  0.000e+00
       1095     22.419    12.5594  43.078219    25.8505     0.2534     8.8543 2.9274e-05  0.000e+00
       1096     22.285    12.5605  43.167240    24.1045     0.2715     8.8557 1.0393e-04  0.000e+00
       1097     22.140    12.5619  43.107891    24.0075     0.2715     8.8556 1.4351e-05  0.000e+00
       1098     22.004    12.5641  43.048542    25.0745     0.2534     8.8545 1.0393e-04  0.000e+00
       1099     21.880    12.5664  43.048542    24.8320     0.2715     8.8593 4.4200e-05  0.000e+00
       1100     21.770    12.5686  43.048541    25.9475     0.2715     8.8676 1.0000e-12  0.000e+00
       1101     21.661    12.5703  42.989192    24.9290     0.2896     8.8761 5.9128e-05  0.000e+00
       1102     21.558    12.5717  42.989192    24.8320     0.2896     8.8836 1.3381e-04  0.000e+00
       1103     21.446    12.5727  42.989191    24.3955     0.2896     8.8994 1.0000e-12  0.000e+00
       1104     21.322    12.5743  42.929843    24.1045     0.2715     8.9048 7.4059e-05  0.000e+00
       1105     21.190    12.5755  42.989190    24.9775     0.2534     8.9200 2.9274e-05  0.000e+00
       1106     21.061    12.5762  42.900168    24.0560     0.2715     8.9266 5.9128e-05  0.000e+00
       1107     20.940    12.5774  42.900167    22.2130     0.3077     8.9303 1.0393e-04  0.000e+00
       1108     20.831    12.5784  42.929840    23.8620     0.2715     8.9297 1.0393e-04  0.000e+00
       1109     20.718    12.5795  42.900166    22.0190     0.2715     8.9267 1.0000e-12  0.000e+00
       1110     20.597    12.5803  42.929839    23.9590     0.2896     8.9259 5.9128e-05  0.000e+00
       1111     20.471    12.5812  42.959512    23.1830     0.3258     8.9225 4.4200e-05  0.000e+00
       1112     20.348    12.5826  43.048533    22.4555     0.3077     8.9215 1.1887e-04  0.000e+00
       1113     20.234    12.5845  43.048532    22.4070     0.2896     8.9223 1.0000e-12  0.000e+00
       1114     20.128    12.5865  43.078205    21.6795     0.2534     8.9263 7.4059e-05  0.000e+00
       1115     20.016    12.5882  43.107879    22.0675     0.2896     8.9300 1.0000e-12  0.000e+00
       1116     19.890    12.5898  43.196900    22.5525     0.3077     8.9331 7.4059e-05  0.000e+00
       1117     19.766    12.5906  43.315596    22.1645     0.3077     8.9313 4.4200e-05  0.000e+00
       1118     19.642    12.5919  43.374944    22.3100     0.2896     8.9310 7.4059e-05  0.000e+00
       1119     19.521    12.5938  43.374943    23.0375     0.2896     8.9266 1.4351e-05  0.000e+00
       1120     19.410    12.5959  43.434291    21.4370     0.3077     8.9213 1.3381e-04  0.000e+00
