Data/MON10_13Aug2015052.cnv
* Sea-Bird SBE19plus Data File:
* FileName = C:\Users\User\Desktop\WorkingFolder\HEX\MON10_13Aug2015052.hex
* Software Version 1.59
* Temperature SN =  7506
* Conductivity SN =  7506
* System UpLoad Time = Aug 13 2015 16:21:58
* ds
* SBE 19plus V 2.5.2  SERIAL NO. 7506    13 Aug 2015 16:14:43
# nquan = 9
# nvalues = 1708                                  
# units = specified
# name 0 = scan: Scan Count
# name 1 = prdM: Pressure, Strain Gauge [db]
# name 2 = tv290C: Temperature [ITS-90, deg C]
# name 3 = c0uS/cm: Conductivity [uS/cm]
# name 4 = turbWETntu0: Turbidity, WET Labs ECO [NTU]
# name 5 = flECO-AFL: Fluorescence, WET Labs ECO-AFL/FL [mg/m^3]
# name 6 = sbeox0Mg/L: Oxygen, SBE 43 [mg/l]
# name 7 = par: PAR/Irradiance, Biospherical/Licor
# name 8 = flag:  0.000e+00
# span 0 =          1,       1708                 
# span 1 =     -0.648,     37.181                 
# span 2 =    12.5436,    19.6221                 
# span 3 =   1.785928,  86.566696                 
# span 4 =   -11.3490,    18.2360                 
# span 5 =    -3.0951,     8.3984                 
# span 6 =     5.5706,    10.4521                 
# span 7 = 1.0000e-12, 3.4183e+03                 
# span 8 = 0.0000e+00, 0.0000e+00                 
# interval = seconds: 0.25
# start_time = Aug 12 2015 09:31:04 [Instrument's time stamp, header]
# bad_flag = -9.990e-29
*END*
[from data line 1601]
       1602      4.238    19.4578  86.031452     0.7760     0.4163     8.3541 3.1240e+02  0.000e+00
       1603      4.115    19.4612  86.090926     0.7760     0.4344     8.3504 3.0379e+02  0.000e+00
       1604      3.979    19.4669  86.061185     0.8245     0.3801     8.3494 3.8526e+02  0.000e+00
       1605      3.844    19.4722  86.061182     0.7760     0.4163     8.3468 3.5063e+02  0.000e+00
       1606      3.718    19.4715  86.090919     0.8245     0.4163     8.3373 3.5510e+02  0.000e+00
       1607      3.618    19.4713  86.120657     0.6790     0.4163     8.3299 3.3251e+02  0.000e+00
       1608      3.500    19.4761  86.090916     0.6790     0.3620     8.3292 3.2278e+02  0.000e+00
       1609      3.354    19.4789  86.120652     0.8245     0.3801     8.3375 4.5198e+02  0.000e+00
       1610      3.218    19.4848  86.120650     0.8245     0.3801     8.3448 4.5637e+02  0.000e+00
       1611      3.097    19.4882  86.090910     0.7760     0.3982     8.3571 3.4205e+02  0.000e+00
       1612      2.974    19.4890  86.120647     0.8245     0.4163     8.3699 3.8894e+02  0.000e+00
       1613      2.854    19.4902  86.120645     0.8245     0.3801     8.3854 5.3852e+02  0.000e+00
       1614      2.725    19.4963  86.150381     0.8245     0.3620     8.3932 3.9792e+02  0.000e+00
       1615      2.587    19.4981  86.120641     0.6790     0.3801     8.4001 4.8158e+02  0.000e+00
       1616      2.456    19.5007  86.150377     0.8730     0.2896     8.3906 6.3411e+02  0.000e+00
       1617      2.322    19.5047  86.120637     0.8245     0.3801     8.3845 4.2138e+02  0.000e+00
       1618      2.193    19.5072  86.120635     0.7760     0.3077     8.3793 5.6241e+02  0.000e+00
       1619      2.074    19.5132  86.150370     0.7275     0.2534     8.3744 7.6057e+02  0.000e+00
       1620      1.959    19.5180  86.120630     2.0855     0.2896     8.3677 6.1437e+02  0.000e+00
       1621      1.822    19.5193  86.150367     0.9215     0.3077     8.3691 6.1621e+02  0.000e+00
       1622      1.680    19.5182  86.180104     0.7275     0.2172     8.3723 6.7138e+02  0.000e+00
       1623      1.546    19.5221  86.120625     0.8245     0.3258     8.3701 7.6151e+02  0.000e+00
       1624      1.414    19.5246  86.150362     0.7275     0.2534     8.3759 4.4890e+02  0.000e+00
       1625      1.292    19.5278  86.180098     0.8730     0.3077     8.3664 7.2102e+02  0.000e+00
       1626      1.168    19.5310  86.209834     0.6790     0.2896     8.3553 9.8125e+02  0.000e+00
       1627      1.022    19.5349  86.180094     0.8730     0.2896     8.3490 5.4222e+02  0.000e+00
       1628      0.879    19.5400  86.180091     0.7275     0.2353     8.3492 7.0647e+02  0.000e+00
       1629      0.755    19.5438  86.209827     0.9700     0.2715     8.3556 7.2955e+02  0.000e+00
       1630      0.642    19.5466  86.120611     0.7275     0.2534     8.3678 9.5909e+02  0.000e+00
       1631      0.522    19.5501  86.239562     0.5820     0.3439     8.3759 1.2500e+03  0.000e+00
       1632      0.403    19.5506  86.209823     0.4850     0.2172     8.3825 8.8184e+02  0.000e+00
       1633      0.263    19.5527  86.180083     0.8730     0.1810     8.3919 1.2116e+03  0.000e+00
       1634      0.117    19.5551  86.239557     0.7760     0.3258     8.3977 1.0431e+03  0.000e+00
       1635      0.049    19.5583  86.239556     0.1940     0.2896     8.3985 1.2220e+03  0.000e+00
       1636      0.049    19.5604  86.239555     1.0670    -0.1629     8.3974 9.3333e+02  0.000e+00
       1637      0.059    19.5653  86.239554     0.2910     0.2172     8.3928 1.1632e+03  0.000e+00
       1638      0.063    19.5722  86.239552     0.3395    -0.3258     8.3870 1.3474e+03  0.000e+00
       1639      0.051    19.5792  86.239550    -0.0970     0.0724     8.3805 1.1773e+03  0.000e+00
       1640      0.031    19.5848  86.299025     0.2910    -0.0724     8.3703 1.5688e+03  0.000e+00
       1641      0.020    19.5876  86.239547     1.6975     0.2353     8.3670 9.9200e+02  0.000e+00
       1642      0.033    19.5886  86.239547     1.4550     0.2715     8.3614 1.3041e+03  0.000e+00
       1643      0.050    19.5879  86.239548     1.0185     0.3620     8.3584 1.1228e+03  0.000e+00
       1644      0.053    19.5883  86.239547     8.5360     0.3077     8.3591 1.1846e+03  0.000e+00
       1645      0.042    19.5898  86.239547     0.5820     0.1629     8.3631 1.2322e+03  0.000e+00
       1646      0.024    19.5896  86.239547     0.3880     0.1991     8.3712 1.2918e+03  0.000e+00
       1647      0.027    19.5857  86.239548     0.6305     0.3620     8.3791 1.3460e+03  0.000e+00
       1648      0.041    19.5825  86.299026     0.7760     0.2896     8.3941 1.2322e+03  0.000e+00
       1649      0.053    19.5826  86.239549     0.7275     0.2896     8.4015 1.2071e+03  0.000e+00
       1650      0.053    19.5833  86.239549     0.9700     0.1991     8.4069 1.4231e+03  0.000e+00
       1651      0.048    19.5845  86.239548     0.5820     0.1991     8.4038 9.5121e+02  0.000e+00
       1652      0.046    19.5856  86.209810     0.8245     0.2172     8.3988 1.3436e+03  0.000e+00
       1653      0.053    19.5861  86.239548     0.8730     0.2534     8.3939 1.1516e+03  0.000e+00
       1654      0.056    19.5859  86.239548     0.7275     0.1991     8.3918 1.1710e+03  0.000e+00
       1655      0.050    19.5848  86.299025     0.8730     0.2172     8.3917 9.6399e+02  0.000e+00
       1656      0.043    19.5845  86.239548     0.7275     0.2896     8.3899 8.2721e+02  0.000e+00
       1657      0.033    19.5856  86.239548     0.4850     0.1267     8.3925 1.3314e+03  0.000e+00
       1658      0.032    19.5861  86.299024     0.7760     0.2353     8.3912 1.4336e+03  0.000e+00
       1659      0.041    19.5848  86.239548     0.5820     0.2534     8.3935 1.2169e+03  0.000e+00
       1660      0.055    19.5839  86.299025     0.7760     0.2896     8.3936 7.9529e+02  0.000e+00
       1661      0.064    19.5853  86.358502     0.9215     0.3439     8.3887 1.3795e+03  0.000e+00
       1662      0.062    19.5875  86.239548     0.9700     0.1810     8.3866 8.9244e+02  0.000e+00
       1663      0.050    19.5861  86.299025     0.6790     0.2172     8.3886 1.4176e+03  0.000e+00
       1664      0.039    19.5839  86.239549     0.8730     0.1991     8.3896 1.1546e+03  0.000e+00
       1665      0.033    19.5840  86.299025     0.8245     0.2353     8.3923 1.3265e+03  0.000e+00
       1666      0.043    19.5843  86.239548     1.0185     0.2896     8.3992 1.3361e+03  0.000e+00
       1667      0.065    19.5835  86.180072     0.9700     0.2534     8.3996 1.1021e+03  0.000e+00
       1668      0.075    19.5839  86.299025     0.8245     0.2172     8.4017 1.2884e+03  0.000e+00
       1669      0.069    19.5856  86.299025     1.0185     0.3620     8.3918 1.2558e+03  0.000e+00
       1670      0.048    19.5852  86.239548     0.3880     0.2534     8.3831 1.0514e+03  0.000e+00
       1671      0.041    19.5844  86.299025     0.3395     0.0724     8.3719 1.0708e+03  0.000e+00
       1672      0.032    19.5837  86.239549    -0.9215    -0.2172     8.3617 1.5313e+03  0.000e+00
       1673     -0.060    19.5825  86.239548     0.7275    -0.0362     8.3494 1.7525e+03  0.000e+00
       1674     -0.225    19.5772  86.180072     0.7275    -0.0362     8.3471 3.3090e+03  0.000e+00
       1675     -0.364    19.5723  86.180072    12.9980    -0.0724     8.3436 3.2485e+03  0.000e+00
       1676     -0.412    19.5692  86.239549     9.4090     0.9593     8.3311 3.3300e+03  0.000e+00
       1677     -0.457    19.5731  86.299024    12.1250     8.3984     8.3307 2.0229e+03  0.000e+00
       1678     -0.532    19.5809  86.061116     1.1155    -3.0951     8.3218 2.8221e+03  0.000e+00
       1679     -0.617    19.5861  86.061114     9.2150     0.2353     8.3054 2.1894e+03  0.000e+00
       1680     -0.642    19.5867  86.239542   -11.3490    -0.9050     8.2513 1.5296e+03  0.000e+00
       1681     -0.641    19.5765  86.447714     0.0000     0.0362     8.1599 9.2924e+02  0.000e+00
       1682     -0.639    19.5618  86.507195     0.0000     0.0362     7.9994 8.8199e+02  0.000e+00
       1683     -0.638    19.5482  86.507199     0.0000     0.0362     7.8201 6.9968e+02  0.000e+00
       1684     -0.639    19.5371  86.477464     0.0000     0.0362     7.6402 7.9263e+02  0.000e+00
       1685     -0.638    19.5294  86.299035     0.0000     0.0362     7.4845 2.0487e+03  0.000e+00
       1686     -0.636    19.5253  86.239559     0.0000     0.0362     7.3686 2.2788e+03  0.000e+00
       1687     -0.638    19.5229  86.239560     0.0000     0.0362     7.2791 3.0366e+03  0.000e+00
       1688     -0.639    19.5185  86.180085     0.0000     0.0362     7.1945 3.3777e+03  0.000e+00
       1689     -0.639    19.5072  86.388256     0.0000     0.0362     7.1346 3.3476e+03  0.000e+00
       1690     -0.637    19.4881  86.507216     0.0000     0.0362     7.1326 3.1215e+03  0.000e+00
       1691     -0.637    19.4795  86.566696     0.0000     0.0362     7.1964 2.8964e+03  0.000e+00
       1692     -0.637    19.4767  86.447742     0.0000     0.0362     7.2854 1.7374e+03  0.000e+00
       1693     -0.634    19.4745  86.447743     0.0000     0.0362     7.4038 8.0484e+02  0.000e+00
       1694     -0.634    19.4703  86.447744     0.0000     0.0362     7.6789 7.6648e+02  0.000e+00
       1695     -0.636    19.4660  86.388268     0.0000     0.0362     8.1017 7.3871e+02  0.000e+00
       1696     -0.637    19.4610  86.447747     0.0000     0.0362     8.5638 7.7856e+02  0.000e+00
       1697     -0.639    19.4561  46.311799     1.9400     0.0362     8.9697 1.7390e+03  0.000e+00
       1698     -0.638    19.4492  46.667940     1.9885    -1.0136     9.2763 6.5575e+02  0.000e+00
       1699     -0.638    19.4394  29.639814     1.1640    -0.9231     9.4770 7.0152e+02  0.000e+00
       1700     -0.639    19.4270  26.230032     5.5290     5.5748     9.5690 7.1559e+02  0.000e+00
       1701     -0.640    19.4174  22.583703     1.5520     2.5340     9.5562 2.0883e+03  0.000e+00
       1702     -0.638    19.4123  15.056030     0.7275     0.1810     9.4415 3.1024e+03  0.000e+00
       1703     -0.639    19.4079  10.700784    -1.8430     0.0000     9.2882 2.9774e+03  0.000e+00
       1704     -0.639    19.4030   8.716062     1.4065     0.2896     9.1472 3.2945e+03  0.000e+00
       1705     -0.637    19.3975   8.123646    -0.1455    -0.4706     9.0341 3.3142e+03  0.000e+00
       1706     -0.635    19.3907   7.857065     0.5820    -0.1086     8.9521 3.3729e+03  0.000e+00
       1707     -0.636    19.3839   7.975546     0.6305     0.1267     8.8875 3.3664e+03  0.000e+00
       1708     -0.634    19.3768   9.456607     0.4365     0.0362     8.8499 3.3376e+03  0.000e+00
