Data/MON10_13Aug2015053.cnv
* Sea-Bird SBE19plus Data File:
* FileName = C:\Users\User\Desktop\WorkingFolder\HEX\MON10_13Aug2015053.hex
* Software Version 1.59
* Temperature SN =  7506
* Conductivity SN =  7506
* System UpLoad Time = Aug 13 2015 16:22:55
* ds
* SBE 19plus V 2.5.2  SERIAL NO. 7506    13 Aug 2015 16:14:43
# nquan = 9
# nvalues = 1318                                  
# units = specified
# name 0 = scan: Scan Count
# name 1 = prdM: Pressure, Strain Gauge [db]
# name 2 = tv290C: Temperature [ITS-90, deg C]
# name 3 = c0uS/cm: Conductivity [uS/cm]
# name 4 = turbWETntu0: Turbidity, WET Labs ECO [NTU]
# name 5 = flECO-AFL: Fluorescence, WET Labs ECO-AFL/FL [mg/m^3]
# name 6 = sbeox0Mg/L: Oxygen, SBE 43 [mg/l]
# name 7 = par: PAR/Irradiance, Biospherical/Licor
# name 8 = flag:  0.000e+00
# span 0 =          1,       1318                 
# span 1 =     -0.655,     24.607                 
# span 2 =    12.5309,    19.6638                 
# span 3 =   0.779189,  84.395878                 
# span 4 =   -22.4555,    35.3080                 
# span 5 =    -6.7875,     8.4527                 
# span 6 =     5.5457,    10.3095                 
# span 7 = 1.0000e-12, 4.0978e+03                 
# span 8 = 0.0000e+00, 0.0000e+00                 
# interval = seconds: 0.25
# start_time = Aug 12 2015 10:36:03 [Instrument's time stamp, header]
# bad_flag = -9.990e-29
*END*
[from data line 321]
        322      0.039    19.6375  84.128229     0.7760     0.2172     8.5059 1.5844e+03  0.000e+00
        323      0.040    19.6396  84.068759     0.6790     0.2172     8.4928 1.1934e+03  0.000e+00
        324      0.031    19.6407  84.068758     0.8245     0.1810     8.4859 1.5038e+03  0.000e+00
        325      0.022    19.6409  84.068758     0.7760     0.1810     8.4838 1.2311e+03  0.000e+00
        326      0.025    19.6405  84.068758     0.8730     0.2172     8.4828 1.1441e+03  0.000e+00
        327      0.031    19.6406  84.068758     0.6790     0.2715     8.4884 1.4608e+03  0.000e+00
        328      0.038    19.6411  84.068758     0.5335     0.1629     8.4844 1.1085e+03  0.000e+00
        329      0.038    19.6418  84.068758     0.8730     0.2172     8.4832 9.7901e+02  0.000e+00
        330      0.030    19.6422  84.068758     0.8245     0.1629     8.4790 1.2302e+03  0.000e+00
        331      0.023    19.6420  84.128228     0.8730     0.2172     8.4740 1.1965e+03  0.000e+00
        332      0.022    19.6412  84.068758     0.8245     0.2172     8.4720 1.0387e+03  0.000e+00
        333      0.031    19.6404  84.068758     0.9215     0.1810     8.4692 1.2133e+03  0.000e+00
        334      0.037    19.6406  84.068758     0.8245     0.1629     8.4650 1.3205e+03  0.000e+00
        335      0.035    19.6404  84.128228     0.8730     0.2353     8.4629 1.2143e+03  0.000e+00
        336      0.025    19.6399  84.009288     0.7275     0.2172     8.4702 1.0986e+03  0.000e+00
        337      0.023    19.6395  84.039023     0.6790     0.1991     8.4740 1.1798e+03  0.000e+00
        338      0.027    19.6395  84.128229     0.7275     0.1991     8.4725 1.3361e+03  0.000e+00
        339      0.033    19.6392  84.068759     0.8730     0.1629     8.4697 1.2428e+03  0.000e+00
        340      0.030    19.6380  84.068759     0.8245     0.2353     8.4701 1.1173e+03  0.000e+00
        341      0.024    19.6369  84.068759     0.7275     0.2172     8.4678 1.0284e+03  0.000e+00
        342      0.024    19.6357  84.068759     0.8245     0.1629     8.4666 1.3827e+03  0.000e+00
        343      0.023    19.6358  84.039024     0.7275     0.1629     8.4668 1.2188e+03  0.000e+00
        344      0.027    19.6357  84.068759     0.8730     0.1991     8.4683 1.0835e+03  0.000e+00
        345      0.029    19.6369  84.068759     0.8245     0.1991     8.4716 1.2760e+03  0.000e+00
        346      0.025    19.6399  84.128228     0.7275     0.2172     8.4676 9.4372e+02  0.000e+00
        347      0.022    19.6415  84.068758     0.7760     0.2353     8.4648 1.5302e+03  0.000e+00
        348      0.025    19.6428  84.068758     0.8245     0.1991     8.4608 1.0955e+03  0.000e+00
        349      0.030    19.6434  84.128227     0.9215     0.1991     8.4579 1.3832e+03  0.000e+00
        350      0.031    19.6433  84.068757     0.8245     0.2172     8.4600 1.1522e+03  0.000e+00
        351      0.028    19.6423  84.009288     0.8245     0.2353     8.4648 1.4387e+03  0.000e+00
        352      0.026    19.6417  84.128228     0.7275     0.1991     8.4718 1.0715e+03  0.000e+00
        353      0.025    19.6433  84.068757     0.7275     0.1810     8.4782 1.1564e+03  0.000e+00
        354      0.028    19.6442  84.068757     0.8245     0.1991     8.4798 1.3503e+03  0.000e+00
        355      0.029    19.6451  84.068757     0.8730     0.1991     8.4785 1.2033e+03  0.000e+00
        356      0.032    19.6459  84.128227     0.7275     0.2172     8.4796 1.5232e+03  0.000e+00
        357      0.029    19.6461  84.009287     0.7760     0.2172     8.4779 1.8457e+03  0.000e+00
        358      0.029    19.6457  84.039022     0.6790     0.1267     8.4776 1.0877e+03  0.000e+00
        359      0.026    19.6453  84.068757     0.8245     0.1810     8.4709 1.0659e+03  0.000e+00
        360      0.027    19.6446  84.068757     0.8730     0.1991     8.4725 1.4473e+03  0.000e+00
        361      0.032    19.6445  84.068757     0.7760     0.1448     8.4716 1.9870e+03  0.000e+00
        362      0.032    19.6450  84.068757     0.9700     0.1991     8.4684 1.0755e+03  0.000e+00
        363      0.029    19.6454  84.068757     0.9700     0.3258     8.4658 1.1802e+03  0.000e+00
        364      0.027    19.6444  84.128227     0.8245     0.2534     8.4628 1.5375e+03  0.000e+00
        365      0.027    19.6438  84.068757     0.7760     0.2172     8.4674 9.5573e+02  0.000e+00
        366      0.031    19.6443  84.068757     0.7760     0.2172     8.4708 1.2706e+03  0.000e+00
        367      0.029    19.6444  84.128227     0.8245     0.1991     8.4732 1.2722e+03  0.000e+00
        368      0.027    19.6443  84.128227     0.8245     0.1991     8.4796 1.2562e+03  0.000e+00
        369      0.030    19.6437  84.128227     0.8730     0.1991     8.4835 1.2250e+03  0.000e+00
        370      0.033    19.6430  84.009288     0.8730     0.2172     8.4898 1.0190e+03  0.000e+00
        371      0.038    19.6423  84.068758     0.7760     0.2172     8.4851 1.4286e+03  0.000e+00
        372      0.031    19.6422  84.068758     0.7275     0.2172     8.4744 1.2586e+03  0.000e+00
        373      0.026    19.6420  84.068758     0.8245     0.2353     8.4666 1.1540e+03  0.000e+00
        374      0.026    19.6426  84.068758     0.7760     0.2172     8.4653 1.3615e+03  0.000e+00
        375      0.030    19.6445  84.068757     0.8245     0.1810     8.4668 8.6770e+02  0.000e+00
        376      0.035    19.6464  84.068757     0.8245     0.1991     8.4671 1.2337e+03  0.000e+00
        377      0.032    19.6475  84.128226     0.8245     0.2534     8.4680 1.1250e+03  0.000e+00
        378      0.025    19.6482  84.187696     0.7760     0.2172     8.4652 1.5064e+03  0.000e+00
        379      0.026    19.6490  84.068756     0.8245     0.2353     8.4672 1.6719e+03  0.000e+00
        380      0.027    19.6501  84.068756     0.8245     0.1991     8.4654 1.5936e+03  0.000e+00
        381      0.032    19.6505  84.128226     0.8730     0.2534     8.4620 1.2850e+03  0.000e+00
        382      0.029    19.6505  84.068755     1.0185     0.1991     8.4570 1.6110e+03  0.000e+00
        383      0.029    19.6497  84.128226     0.8730     0.2172     8.4544 1.6979e+03  0.000e+00
        384      0.026    19.6482  84.068756     0.6790     0.1991     8.4602 2.0254e+03  0.000e+00
        385      0.024    19.6473  84.128226     0.8730     0.1991     8.4638 1.6195e+03  0.000e+00
        386      0.026    19.6464  84.128227     0.7760     0.2353     8.4704 1.6572e+03  0.000e+00
        387      0.030    19.6459  84.068757     0.7760     0.1991     8.4743 1.7216e+03  0.000e+00
        388      0.029    19.6458  84.068757     0.7760     0.2172     8.4750 1.7442e+03  0.000e+00
        389      0.030    19.6463  84.068757     0.7275     0.2172     8.4724 1.3706e+03  0.000e+00
        390      0.026    19.6467  84.068756     0.8245     0.2353     8.4727 1.8199e+03  0.000e+00
        391      0.027    19.6472  84.068756     0.8245     0.1991     8.4686 1.8097e+03  0.000e+00
        392      0.030    19.6473  84.128226     0.7275     0.2172     8.4660 1.9269e+03  0.000e+00
        393      0.032    19.6473  84.128226     0.8245     0.2172     8.4651 1.6727e+03  0.000e+00
        394      0.031    19.6466  84.068757     0.9700     0.1810     8.4681 1.5975e+03  0.000e+00
        395      0.026    19.6464  84.128227     0.6790     0.1991     8.4629 1.6474e+03  0.000e+00
        396      0.023    19.6474  84.068756     0.8730     0.2715     8.4664 1.9060e+03  0.000e+00
        397      0.028    19.6481  84.068756     0.8245     0.2353     8.4680 1.7144e+03  0.000e+00
        398      0.035    19.6486  84.128226     0.8730     0.2172     8.4647 2.1653e+03  0.000e+00
        399      0.038    19.6493  84.128226     0.7760     0.2715     8.4644 1.3228e+03  0.000e+00
        400      0.033    19.6503  84.128226     0.8245     0.2896     8.4697 1.5816e+03  0.000e+00
        401      0.025    19.6508  84.128225     0.5820     0.1991     8.4690 1.6584e+03  0.000e+00
        402      0.024    19.6508  84.068755     0.8730     0.1991     8.4762 1.8764e+03  0.000e+00
        403      0.030    19.6507  84.128226     0.7760     0.1991     8.4783 1.7945e+03  0.000e+00
        404      0.038    19.6508  84.068755     0.9215     0.1991     8.4796 1.5791e+03  0.000e+00
        405      0.033    19.6507  84.128226     0.8245     0.1991     8.4797 1.3529e+03  0.000e+00
        406      0.029    19.6508  84.068755     0.7275     0.1991     8.4675 1.4555e+03  0.000e+00
        407      0.027    19.6505  84.068755     0.7760     0.1991     8.4602 1.7238e+03  0.000e+00
        408      0.036    19.6509  84.068755     0.7760     0.2172     8.4557 1.6376e+03  0.000e+00
        409      0.042    19.6508  84.128226     0.8245     0.1810     8.4499 1.4094e+03  0.000e+00
        410      0.032    19.6508  84.068755     0.8245     0.2534     8.4464 1.4768e+03  0.000e+00
        411      0.026    19.6509  84.128225     0.7760     0.1810     8.4542 1.7848e+03  0.000e+00
        412      0.022    19.6508  84.128225     0.8245     0.1991     8.4632 1.8986e+03  0.000e+00
        413      0.029    19.6508  84.128225     0.7275     0.2353     8.4696 1.6813e+03  0.000e+00
        414      0.038    19.6506  84.128226     0.7760     0.1810     8.4762 1.8328e+03  0.000e+00
        415      0.039    19.6505  84.068756     0.7760     0.2353     8.4760 1.4969e+03  0.000e+00
        416      0.029    19.6502  84.128226     0.8245     0.2353     8.4763 1.6361e+03  0.000e+00
        417      0.020    19.6499  84.128226     0.7275     0.1991     8.4785 1.9384e+03  0.000e+00
        418      0.021    19.6490  84.039021     0.8730     0.2353     8.4785 1.5752e+03  0.000e+00
        419      0.031    19.6482  84.068756     0.8730     0.3801     8.4780 1.7387e+03  0.000e+00
        420      0.041    19.6482  84.128226     0.8730     0.1810     8.4774 1.4964e+03  0.000e+00
        421      0.039    19.6486  84.128226     0.7760     0.2172     8.4804 1.6529e+03  0.000e+00
        422      0.029    19.6497  84.009286     0.8245     0.2353     8.4796 1.4678e+03  0.000e+00
        423      0.023    19.6498  84.128226     0.8245     0.1991     8.4843 1.6893e+03  0.000e+00
        424      0.025    19.6494  84.128226     0.7760     0.1810     8.4841 1.7414e+03  0.000e+00
        425      0.031    19.6494  84.068756     0.8730     0.1991     8.4909 1.4750e+03  0.000e+00
        426      0.035    19.6497  84.068756     0.8730     0.1991     8.4900 1.3682e+03  0.000e+00
        427      0.037    19.6503  84.128226     0.7760     0.2353     8.4894 1.6634e+03  0.000e+00
        428      0.031    19.6505  84.068755     0.8730     0.1810     8.4881 1.7741e+03  0.000e+00
        429      0.026    19.6503  84.128226     0.7760     0.1991     8.4801 1.7933e+03  0.000e+00
        430      0.025    19.6503  84.068755     0.7275     0.2172     8.4836 1.5064e+03  0.000e+00
        431      0.029    19.6502  84.068756     0.7275     0.2353     8.4806 1.5952e+03  0.000e+00
        432      0.035    19.6500  84.128226     0.7760     0.1810     8.4812 1.6863e+03  0.000e+00
        433      0.033    19.6500  84.128226     0.7760     0.1810     8.4849 1.5860e+03  0.000e+00
        434      0.029    19.6502  84.068756     0.6790     0.1810     8.4942 1.4542e+03  0.000e+00
        435      0.030    19.6508  84.128225     0.8245     0.2172     8.4991 1.7948e+03  0.000e+00
        436      0.035    19.6517  84.128225     0.8245     0.1991     8.4897 1.0382e+03  0.000e+00
        437      0.037    19.6526  84.068755     0.8245     0.1991     8.4854 1.2150e+03  0.000e+00
        438      0.030    19.6526  84.128225     0.7760     0.2353     8.4770 1.2963e+03  0.000e+00
        439      0.025    19.6520  84.068755     0.8245     0.2534     8.4771 1.5587e+03  0.000e+00
        440      0.026    19.6510  84.068755     0.8245     0.1991     8.4789 1.3441e+03  0.000e+00
        441      0.032    19.6498  84.068756     0.8245     0.1629     8.4867 1.1967e+03  0.000e+00
        442      0.039    19.6498  84.128226     0.8730     0.2353     8.4826 1.0289e+03  0.000e+00
        443      0.038    19.6500  84.068756     0.8245     0.2353     8.4884 1.3963e+03  0.000e+00
        444      0.029    19.6508  84.128225     0.7760     0.2353     8.4964 1.0529e+03  0.000e+00
        445      0.023    19.6517  84.128225     0.8245     0.1991     8.4977 1.1792e+03  0.000e+00
        446      0.028    19.6519  84.068755     0.8730     0.1991     8.4971 1.3087e+03  0.000e+00
        447      0.038    19.6519  84.068755     0.7760     0.2172     8.4971 1.1836e+03  0.000e+00
        448      0.040    19.6522  84.068755     0.7760     0.1810     8.4857 1.1252e+03  0.000e+00
        449      0.032    19.6517  84.068755     0.8245     0.1810     8.4835 9.9409e+02  0.000e+00
        450      0.026    19.6510  84.068755     0.7760     0.1991     8.4884 1.6011e+03  0.000e+00
        451      0.024    19.6502  84.068755     0.7760     0.2172     8.4833 1.0687e+03  0.000e+00
        452      0.031    19.6496  84.068756     0.9215     0.1810     8.4758 1.1248e+03  0.000e+00
        453      0.036    19.6495  84.068756     0.7760     0.1991     8.4734 1.8415e+03  0.000e+00
        454      0.034    19.6493  84.128226     0.8730     0.2172     8.4711 1.0973e+03  0.000e+00
        455      0.032    19.6498  84.128226     0.7275     0.2172     8.4733 1.0289e+03  0.000e+00
        456      0.033    19.6505  84.128226     0.7760     0.1991     8.4711 1.1371e+03  0.000e+00
        457      0.032    19.6511  84.068755     0.7760     0.1629     8.4692 1.3361e+03  0.000e+00
        458      0.031    19.6517  84.187696     0.7275     0.2172     8.4672 8.9715e+02  0.000e+00
        459      0.032    19.6521  84.128225     0.8245     0.1810     8.4720 1.1844e+03  0.000e+00
        460      0.032    19.6525  84.009285     0.8245     0.1991     8.4809 1.2242e+03  0.000e+00
        461      0.036    19.6526  84.128225     0.8245     0.2172     8.4831 1.1857e+03  0.000e+00
        462      0.036    19.6523  84.128225     0.8245     0.2172     8.4865 1.3345e+03  0.000e+00
        463      0.029    19.6523  84.068755     0.7760     0.2353     8.4887 1.0772e+03  0.000e+00
        464      0.026    19.6518  84.128225     0.8245     0.2172     8.5001 1.1544e+03  0.000e+00
        465      0.028    19.6514  84.128225     0.8730     0.1629     8.4934 1.1485e+03  0.000e+00
        466      0.037    19.6514  84.068755     0.7760     0.1991     8.4972 9.7901e+02  0.000e+00
        467      0.041    19.6520  84.128225     0.8730     0.1810     8.4869 1.1714e+03  0.000e+00
        468      0.037    19.6523  84.068755     0.8245     0.1810     8.4814 1.1951e+03  0.000e+00
        469      0.027    19.6518  84.128225     0.8245     0.2353     8.4791 1.2688e+03  0.000e+00
        470      0.023    19.6510  84.068755     0.8245     0.2172     8.4768 1.3939e+03  0.000e+00
        471      0.032    19.6495  84.128226     0.9215     0.1810     8.4695 1.3128e+03  0.000e+00
        472      0.046    19.6483  84.068756     0.8245     0.1991     8.4664 1.2195e+03  0.000e+00
        473      0.053    19.6480  84.068756     0.8245     0.1810     8.4740 1.3043e+03  0.000e+00
        474      0.046    19.6491  84.128226     0.8245     0.2172     8.4765 1.4296e+03  0.000e+00
        475      0.036    19.6498  84.128226     0.7760     0.1991     8.4800 1.2118e+03  0.000e+00
        476      0.032    19.6494  84.068756     0.9215     0.1810     8.4860 1.5975e+03  0.000e+00
        477      0.040    19.6482  84.068756     0.7275     0.2172     8.4881 1.2118e+03  0.000e+00
        478      0.047    19.6476  84.068756     0.8245     0.1991     8.4956 1.2348e+03  0.000e+00
        479      0.047    19.6481  84.068756     0.8245     0.2172     8.4917 1.0695e+03  0.000e+00
        480      0.040    19.6488  84.068756     0.7760     0.2353     8.4928 1.0295e+03  0.000e+00
