Data/MON10_13Aug2015051.cnv
* Sea-Bird SBE19plus Data File:
* FileName = C:\Users\User\Desktop\WorkingFolder\HEX\MON10_13Aug2015051.hex
* Software Version 1.59
* Temperature SN =  7506
* Conductivity SN =  7506
* System UpLoad Time = Aug 13 2015 16:19:05
* ds
* SBE 19plus V 2.5.2  SERIAL NO. 7506    13 Aug 2015 16:14:43
# nquan = 9
# nvalues = 5605                                  
# units = specified
# name 0 = scan: Scan Count
# name 1 = prdM: Pressure, Strain Gauge [db]
# name 2 = tv290C: Temperature [ITS-90, deg C]
# name 3 = c0uS/cm: Conductivity [uS/cm]
# name 4 = turbWETntu0: Turbidity, WET Labs ECO [NTU]
# name 5 = flECO-AFL: Fluorescence, WET Labs ECO-AFL/FL [mg/m^3]
# name 6 = sbeox0Mg/L: Oxygen, SBE 43 [mg/l]
# name 7 = par: PAR/Irradiance, Biospherical/Licor
# name 8 = flag:  0.000e+00
# span 0 =          1,       5605                 
# span 1 =     -0.223,    187.370                 
# span 2 =     5.0751,    20.2271                 
# span 3 =   0.571923, 103.644154                 
# span 4 =    -6.0140,    73.0410                 
# span 5 =    -2.1901,     6.2264                 
# span 6 =     4.9533,    12.4132                 
# span 7 = 1.0000e-12, 4.1976e+03                 
# span 8 = 0.0000e+00, 0.0000e+00                 
# interval = seconds: 0.25
# start_time = Aug 11 2015 10:57:33 [Instrument's time stamp, header]
# bad_flag = -9.990e-29
*END*
[from data line 1281]
       1282     37.314     6.7012  78.482951     0.2910     0.4163    11.3418 2.5095e+00  0.000e+00
       1283     37.350     6.6947  78.482952     0.2425     0.4163    11.3326 2.5063e+00  0.000e+00
       1284     37.408     6.6924  78.482953     0.3395     0.4525    11.3189 2.4796e+00  0.000e+00
       1285     37.488     6.6899  78.482955     0.2910     0.4344    11.3107 2.4491e+00  0.000e+00
       1286     37.564     6.6828  78.482957     0.2910     0.4163    11.3044 2.4225e+00  0.000e+00
       1287     37.613     6.6748  78.423504     0.2910     0.4163    11.2895 2.4155e+00  0.000e+00
       1288     37.635     6.6678  78.364050     0.2910     0.3982    11.2878 2.4076e+00  0.000e+00
       1289     37.660     6.6655  78.423506     0.2910     0.3801    11.2689 2.3958e+00  0.000e+00
       1290     37.709     6.6661  78.482962     0.2425     0.3982    11.2628 2.3819e+00  0.000e+00
       1291     37.771     6.6636  78.423508     0.2910     0.4163    11.2513 2.3651e+00  0.000e+00
       1292     37.825     6.6559  78.393782     0.2910     0.3982    11.2446 2.3492e+00  0.000e+00
       1293     37.859     6.6464  78.364057     0.2910     0.3439    11.2434 2.3402e+00  0.000e+00
       1294     37.892     6.6388  78.393787     0.2910     0.3801    11.2364 2.3355e+00  0.000e+00
       1295     37.942     6.6346  78.304605     0.2910     0.3439    11.2248 2.3106e+00  0.000e+00
       1296     38.010     6.6294  78.304607     0.2910     0.3982    11.2232 2.2955e+00  0.000e+00
       1297     38.078     6.6228  78.334337     0.2910     0.3620    11.2241 2.2763e+00  0.000e+00
       1298     38.134     6.6163  78.364067     0.2910     0.3620    11.2002 2.2635e+00  0.000e+00
       1299     38.186     6.6108  78.304613     0.2910     0.3620    11.1977 2.2413e+00  0.000e+00
       1300     38.232     6.6061  78.274887     0.2910     0.3439    11.1827 2.2360e+00  0.000e+00
       1301     38.280     6.6026  78.304616     0.3395     0.3620    11.1821 2.2202e+00  0.000e+00
       1302     38.328     6.5995  78.274890     0.3395     0.3258    11.1879 2.2020e+00  0.000e+00
       1303     38.375     6.5969  78.304618     0.2910     0.3982    11.1860 2.1964e+00  0.000e+00
       1304     38.413     6.5944  78.304619     0.2910     0.3439    11.1832 2.1832e+00  0.000e+00
       1305     38.454     6.5921  78.274892     0.2910     0.3258    11.1866 2.1737e+00  0.000e+00
       1306     38.515     6.5901  78.274893     0.3395     0.3439    11.1955 2.1642e+00  0.000e+00
       1307     38.597     6.5872  78.274895     0.2910     0.3077    11.1864 2.1480e+00  0.000e+00
       1308     38.673     6.5834  78.245169     0.3880     0.3439    11.2019 2.1173e+00  0.000e+00
       1309     38.736     6.5797  78.274898     0.3395     0.3439    11.2067 2.1107e+00  0.000e+00
       1310     38.798     6.5761  78.245171     0.3880     0.3439    11.1990 2.1049e+00  0.000e+00
       1311     38.852     6.5726  78.274900     0.3880     0.3620    11.2045 2.0706e+00  0.000e+00
       1312     38.900     6.5683  78.215447     0.3395     0.3439    11.2046 2.0653e+00  0.000e+00
       1313     38.934     6.5625  78.245176     0.2425     0.3439    11.2027 2.0588e+00  0.000e+00
       1314     38.957     6.5556  78.215450     0.3395     0.3439    11.2004 2.0525e+00  0.000e+00
       1315     38.991     6.5509  78.185724     0.2910     0.3439    11.1913 2.0536e+00  0.000e+00
       1316     39.059     6.5489  78.155998     0.2910     0.3077    11.1761 2.0267e+00  0.000e+00
       1317     39.151     6.5463  78.215454     0.3395     0.3439    11.1670 2.0115e+00  0.000e+00
       1318     39.244     6.5409  78.185729     0.2425     0.3439    11.1619 1.9881e+00  0.000e+00
       1319     39.318     6.5339  78.156003     0.3880     0.3258    11.1509 1.9646e+00  0.000e+00
       1320     39.363     6.5270  78.156006     0.2425     0.3258    11.1538 1.9624e+00  0.000e+00
       1321     39.395     6.5212  78.185735     0.3395     0.3258    11.1529 1.9484e+00  0.000e+00
       1322     39.437     6.5197  78.156008     0.2910     0.2896    11.1452 1.9409e+00  0.000e+00
       1323     39.507     6.5181  78.096554     0.2910     0.3620    11.1522 1.9377e+00  0.000e+00
       1324     39.576     6.5128  78.096556     0.2425     0.3258    11.1498 1.9190e+00  0.000e+00
       1325     39.641     6.5063  78.156013     0.2910     0.3439    11.1607 1.9015e+00  0.000e+00
       1326     39.696     6.5009  78.096560     0.3880     0.3077    11.1517 1.8845e+00  0.000e+00
       1327     39.743     6.4969  78.096561     0.2910     0.2896    11.1467 1.8769e+00  0.000e+00
       1328     39.801     6.4940  78.037108     0.3395     0.3439    11.1431 1.8645e+00  0.000e+00
       1329     39.862     6.4903  78.037109     0.2910     0.3620    11.1390 1.8515e+00  0.000e+00
       1330     39.924     6.4854  78.007384     0.2910     0.3077    11.1343 1.8380e+00  0.000e+00
       1331     39.974     6.4803  78.096567     0.2910     0.2715    11.1347 1.8188e+00  0.000e+00
       1332     40.020     6.4760  78.037114     0.2425     0.3258    11.1243 1.8215e+00  0.000e+00
       1333     40.071     6.4738  78.037115     0.2910     0.3077    11.1262 1.8008e+00  0.000e+00
       1334     40.128     6.4729  78.007388     0.2910     0.2896    11.1320 1.7833e+00  0.000e+00
       1335     40.188     6.4718  78.037116     0.2910     0.3077    11.1369 1.7722e+00  0.000e+00
       1336     40.238     6.4703  78.007390     0.2910     0.3077    11.1303 1.7631e+00  0.000e+00
       1337     40.279     6.4687  78.007390     0.2910     0.2715    11.1270 1.7625e+00  0.000e+00
       1338     40.344     6.4679  78.037118     0.2425     0.3258    11.1298 1.7534e+00  0.000e+00
       1339     40.435     6.4679  78.007392     0.2425     0.2896    11.1140 1.7233e+00  0.000e+00
       1340     40.535     6.4672  78.037120     0.3395     0.3258    11.1097 1.7050e+00  0.000e+00
       1341     40.607     6.4661  78.007394     0.2910     0.2715    11.1044 1.6881e+00  0.000e+00
       1342     40.647     6.4645  78.007394     0.2910     0.2896    11.1014 1.6843e+00  0.000e+00
       1343     40.675     6.4639  78.037122     0.2910     0.2896    11.0970 1.6729e+00  0.000e+00
       1344     40.726     6.4646  78.037122     0.2910     0.2896    11.1104 1.6627e+00  0.000e+00
       1345     40.786     6.4648  78.007395     0.2910     0.2896    11.1248 1.6489e+00  0.000e+00
       1346     40.848     6.4631  78.007396     0.3395     0.2715    11.1261 1.6293e+00  0.000e+00
       1347     40.912     6.4618  78.037124     0.2910     0.2896    11.1391 1.6277e+00  0.000e+00
       1348     40.976     6.4611  78.037125     0.2425     0.2715    11.1499 1.6175e+00  0.000e+00
       1349     41.039     6.4597  78.007398     0.2910     0.2896    11.1589 1.6137e+00  0.000e+00
       1350     41.097     6.4580  78.007399     0.2425     0.3258    11.1697 1.5964e+00  0.000e+00
       1351     41.155     6.4558  78.007400     0.2910     0.2715    11.1726 1.5911e+00  0.000e+00
       1352     41.213     6.4536  78.007401     0.3395     0.3077    11.1665 1.5850e+00  0.000e+00
       1353     41.277     6.4509  78.007402     0.2425     0.2715    11.1703 1.5646e+00  0.000e+00
       1354     41.344     6.4477  78.007404     0.2910     0.2715    11.1734 1.5602e+00  0.000e+00
       1355     41.402     6.4441  77.947951     0.2910     0.3258    11.1644 1.5384e+00  0.000e+00
       1356     41.448     6.4408  77.947952     0.2910     0.2715    11.1572 1.5267e+00  0.000e+00
       1357     41.494     6.4380  78.007407     0.2425     0.2715    11.1444 1.5265e+00  0.000e+00
       1358     41.558     6.4365  77.947954     0.2910     0.2534    11.1458 1.5177e+00  0.000e+00
       1359     41.634     6.4351  78.007409     0.3395     0.3077    11.1400 1.5037e+00  0.000e+00
       1360     41.704     6.4336  77.947956     0.3395     0.2896    11.1422 1.4876e+00  0.000e+00
       1361     41.770     6.4320  78.007411     0.2910     0.2896    11.1334 1.4741e+00  0.000e+00
       1362     41.827     6.4305  77.947957     0.2910     0.2896    11.1304 1.4730e+00  0.000e+00
       1363     41.878     6.4291  78.007412     0.2910     0.2896    11.1244 1.4502e+00  0.000e+00
       1364     41.929     6.4280  77.947959     0.2910     0.3439    11.1208 1.4564e+00  0.000e+00
       1365     41.978     6.4268  77.888505     0.2910     0.2534    11.1140 1.4432e+00  0.000e+00
       1366     42.045     6.4257  77.947960     0.2910     0.3258    11.1011 1.4349e+00  0.000e+00
       1367     42.127     6.4244  77.947961     0.2910     0.2896    11.0945 1.4169e+00  0.000e+00
       1368     42.192     6.4222  77.888508     0.3395     0.2715    11.0929 1.3993e+00  0.000e+00
       1369     42.232     6.4198  77.947963     0.3395     0.2896    11.0998 1.3982e+00  0.000e+00
       1370     42.252     6.4178  77.888509     0.2910     0.2896    11.1015 1.3894e+00  0.000e+00
       1371     42.286     6.4179  77.947964     0.2910     0.2896    11.1013 1.3817e+00  0.000e+00
       1372     42.352     6.4180  77.947964     0.3395     0.2896    11.0972 1.3670e+00  0.000e+00
       1373     42.435     6.4162  77.888511     0.2910     0.3258    11.0993 1.3548e+00  0.000e+00
       1374     42.505     6.4115  77.888513     0.3395     0.3077    11.1075 1.3536e+00  0.000e+00
       1375     42.557     6.4049  77.858788     0.2910     0.2534    11.1128 1.3445e+00  0.000e+00
       1376     42.602     6.3989  77.829063     0.2910     0.3077    11.1248 1.3420e+00  0.000e+00
       1377     42.650     6.3958  77.829064     0.3395     0.3077    11.1161 1.3338e+00  0.000e+00
       1378     42.708     6.3929  77.858792     0.2910     0.2534    11.1153 1.3315e+00  0.000e+00
       1379     42.761     6.3890  77.769613     0.2910     0.2715    11.1121 1.3216e+00  0.000e+00
       1380     42.804     6.3857  77.799341     0.2910     0.2715    11.1196 1.3169e+00  0.000e+00
       1381     42.839     6.3835  77.829068     0.2910     0.2896    11.1093 1.3054e+00  0.000e+00
       1382     42.887     6.3823  77.829069     0.3395     0.2534    11.1016 1.3049e+00  0.000e+00
       1383     42.952     6.3821  77.858797     0.2425     0.2715    11.1178 1.2845e+00  0.000e+00
       1384     43.017     6.3802  77.888525     0.2425     0.2896    11.1090 1.2773e+00  0.000e+00
       1385     43.080     6.3785  77.888526     0.3395     0.3077    11.1364 1.2671e+00  0.000e+00
       1386     43.142     6.3764  77.799346     0.2910     0.3258    11.1491 1.2555e+00  0.000e+00
       1387     43.204     6.3751  77.888527     0.3395     0.3077    11.1652 1.2524e+00  0.000e+00
       1388     43.267     6.3741  77.799347     0.2910     0.2896    11.1388 1.2370e+00  0.000e+00
       1389     43.316     6.3727  77.829075     0.2910     0.2715    11.1144 1.2329e+00  0.000e+00
       1390     43.345     6.3717  77.829075     0.2910     0.3077    11.0998 1.2347e+00  0.000e+00
       1391     43.359     6.3720  77.858802     0.3395     0.3077    11.0779 1.2245e+00  0.000e+00
       1392     43.384     6.3722  77.829075     0.2910     0.2715    11.0719 1.2213e+00  0.000e+00
       1393     43.433     6.3717  77.769622     0.2425     0.2715    11.0627 1.2131e+00  0.000e+00
       1394     43.489     6.3704  77.829077     0.3395     0.2896    11.0696 1.2106e+00  0.000e+00
       1395     43.535     6.3689  77.769623     0.2910     0.3258    11.0892 1.1986e+00  0.000e+00
       1396     43.569     6.3676  77.799351     0.2910     0.3258    11.0938 1.1948e+00  0.000e+00
       1397     43.612     6.3666  77.829078     0.3395     0.3439    11.1210 1.1907e+00  0.000e+00
       1398     43.672     6.3657  77.769625     0.2910     0.3439    11.0798 1.1891e+00  0.000e+00
       1399     43.736     6.3644  77.799353     0.2910     0.2896    11.0946 1.1802e+00  0.000e+00
       1400     43.794     6.3634  77.769627     0.2910     0.2715    11.0954 1.1780e+00  0.000e+00
       1401     43.835     6.3627  77.799354     0.2910     0.2896    11.0769 1.1773e+00  0.000e+00
       1402     43.869     6.3618  77.710174     0.2425     0.2715    11.0653 1.1613e+00  0.000e+00
       1403     43.916     6.3616  77.829082     0.3395     0.2896    11.0777 1.1556e+00  0.000e+00
       1404     43.984     6.3618  77.799355     0.2425     0.3258    11.1024 1.1484e+00  0.000e+00
       1405     44.057     6.3596  77.829084     0.3395     0.2896    11.0951 1.1348e+00  0.000e+00
       1406     44.105     6.3553  77.710177     0.3880     0.3077    11.1103 1.1299e+00  0.000e+00
       1407     44.134     6.3511  77.710179     0.2910     0.3439    11.0938 1.1269e+00  0.000e+00
       1408     44.177     6.3483  77.769633     0.2910     0.2353    11.0882 1.1223e+00  0.000e+00
       1409     44.252     6.3480  77.769634     0.2910     0.2896    11.0940 1.1067e+00  0.000e+00
       1410     44.342     6.3466  77.769635     0.2910     0.2896    11.0972 1.1010e+00  0.000e+00
       1411     44.412     6.3439  77.769636     0.2910     0.2715    11.0788 1.0911e+00  0.000e+00
       1412     44.449     6.3416  77.769637     0.2425     0.2715    11.0713 1.0971e+00  0.000e+00
       1413     44.465     6.3407  77.769637     0.2425     0.2534    11.0687 1.0802e+00  0.000e+00
       1414     44.492     6.3407  77.769638     0.3395     0.3077    11.0720 1.0818e+00  0.000e+00
       1415     44.549     6.3411  77.710184     0.3395     0.2715    11.0748 1.0667e+00  0.000e+00
       1416     44.625     6.3406  77.769639     0.2910     0.2715    11.0728 1.0631e+00  0.000e+00
       1417     44.704     6.3392  77.710186     0.2910     0.3077    11.0691 1.0457e+00  0.000e+00
       1418     44.790     6.3380  77.710187     0.2910     0.2896    11.0688 1.0372e+00  0.000e+00
       1419     44.866     6.3368  77.769641     0.2910     0.2896    11.0620 1.0248e+00  0.000e+00
       1420     44.928     6.3353  77.710189     0.3395     0.3439    11.0676 1.0174e+00  0.000e+00
       1421     44.965     6.3340  77.710189     0.2910     0.2715    11.0687 1.0157e+00  0.000e+00
       1422     45.008     6.3333  77.710190     0.2910     0.3258    11.0626 1.0134e+00  0.000e+00
       1423     45.071     6.3339  77.710190     0.3395     0.3077    11.0644 1.0124e+00  0.000e+00
       1424     45.135     6.3335  77.710191     0.3395     0.2715    11.0697 9.9161e-01  0.000e+00
       1425     45.203     6.3308  77.710192     0.3395     0.2715    11.0682 9.9123e-01  0.000e+00
       1426     45.276     6.3277  77.680466     0.2910     0.2715    11.0665 9.7453e-01  0.000e+00
       1427     45.345     6.3255  77.650741     0.3395     0.3258    11.0736 9.7528e-01  0.000e+00
       1428     45.412     6.3240  77.680468     0.2910     0.3439    11.0698 9.5736e-01  0.000e+00
       1429     45.455     6.3227  77.680469     0.2910     0.2896    11.0670 9.6306e-01  0.000e+00
       1430     45.478     6.3219  77.710196     0.3880     0.2896    11.0753 9.5993e-01  0.000e+00
       1431     45.498     6.3213  77.710196     0.2910     0.2715    11.0793 9.6214e-01  0.000e+00
       1432     45.541     6.3215  77.680470     0.2910     0.2896    11.0740 9.4643e-01  0.000e+00
       1433     45.612     6.3222  77.710197     0.2425     0.2896    11.0815 9.4228e-01  0.000e+00
       1434     45.677     6.3215  77.680471     0.2425     0.2715    11.0827 9.3419e-01  0.000e+00
       1435     45.735     6.3208  77.650745     0.2910     0.3077    11.0779 9.3419e-01  0.000e+00
       1436     45.786     6.3201  77.710199     0.2910     0.2896    11.0829 9.2883e-01  0.000e+00
       1437     45.839     6.3196  77.710199     0.3395     0.4344    11.0842 9.1732e-01  0.000e+00
       1438     45.895     6.3192  77.769654     0.2910     0.2715    11.0792 9.1433e-01  0.000e+00
       1439     45.944     6.3187  77.710200     0.2910     0.2353    11.0832 8.9900e-01  0.000e+00
       1440     45.993     6.3181  77.710201     0.2425     0.2715    11.0931 8.9935e-01  0.000e+00
