Data/MON10_13Aug2015053.cnv
* Sea-Bird SBE19plus Data File:
* FileName = C:\Users\User\Desktop\WorkingFolder\HEX\MON10_13Aug2015053.hex
* Software Version 1.59
* Temperature SN =  7506
* Conductivity SN =  7506
* System UpLoad Time = Aug 13 2015 16:22:55
* ds
* SBE 19plus V 2.5.2  SERIAL NO. 7506    13 Aug 2015 16:14:43
# nquan = 9
# nvalues = 1318                                  
# units = specified
# name 0 = scan: Scan Count
# name 1 = prdM: Pressure, Strain Gauge [db]
# name 2 = tv290C: Temperature [ITS-90, deg C]
# name 3 = c0uS/cm: Conductivity [uS/cm]
# name 4 = turbWETntu0: Turbidity, WET Labs ECO [NTU]
# name 5 = flECO-AFL: Fluorescence, WET Labs ECO-AFL/FL [mg/m^3]
# name 6 = sbeox0Mg/L: Oxygen, SBE 43 [mg/l]
# name 7 = par: PAR/Irradiance, Biospherical/Licor
# name 8 = flag:  0.000e+00
# span 0 =          1,       1318                 
# span 1 =     -0.655,     24.607                 
# span 2 =    12.5309,    19.6638                 
# span 3 =   0.779189,  84.395878                 
# span 4 =   -22.4555,    35.3080                 
# span 5 =    -6.7875,     8.4527                 
# span 6 =     5.5457,    10.3095                 
# span 7 = 1.0000e-12, 4.0978e+03                 
# span 8 = 0.0000e+00, 0.0000e+00                 
# interval = seconds: 0.25
# start_time = Aug 12 2015 10:36:03 [Instrument's time stamp, header]
# bad_flag = -9.990e-29
*END*
[from data line 1121]
       1122     19.201    12.5997  43.463964    20.7095     0.2896     8.9001 1.4351e-05  0.000e+00
       1123     19.088    12.6017  43.523312    20.6610     0.2896     8.8945 2.9274e-05  0.000e+00
       1124     18.977    12.6032  43.582661    22.3100     0.2896     8.8918 7.4059e-05  0.000e+00
       1125     18.860    12.6053  43.612335    20.6610     0.2896     8.8870 1.0000e-12  0.000e+00
       1126     18.754    12.6077  43.701358    20.9520     0.2715     8.8797 4.4200e-05  0.000e+00
       1127     18.642    12.6096  43.642008    20.5155     0.2896     8.8817 1.4351e-05  0.000e+00
       1128     18.521    12.6115  43.701357    20.2730     0.2715     8.8852 4.4200e-05  0.000e+00
       1129     18.402    12.6142  43.849730    20.0790     0.3077     8.8856 2.9274e-05  0.000e+00
       1130     18.286    12.6181  43.790379    19.0120     0.2896     8.8884 7.4059e-05  0.000e+00
       1131     18.165    12.6218  43.760703    19.7395     0.2896     8.8828 1.0000e-12  0.000e+00
       1132     18.055    12.6246  43.909078    20.6125     0.3258     8.8832 2.9274e-05  0.000e+00
       1133     17.943    12.6284  43.849726    19.0605     0.3258     8.8794 1.0393e-04  0.000e+00
       1134     17.822    12.6322  43.909076    19.4000     0.3077     8.8726 7.4059e-05  0.000e+00
       1135     17.700    12.6371  44.027775    20.4670     0.3439     8.8683 7.4059e-05  0.000e+00
       1136     17.583    12.6464  43.998098    19.5940     0.3258     8.8688 5.9128e-05  0.000e+00
       1137     17.470    12.6553  44.027772    18.7210     0.3077     8.8738 7.4059e-05  0.000e+00
       1138     17.358    12.6616  44.027770    18.2845     0.3077     8.8816 1.4581e-02  0.000e+00
       1139     17.244    12.6687  44.146470    18.6725     0.3258     8.8888 2.8934e-02  0.000e+00
       1140     17.119    12.6770  44.116793    18.9150     0.3258     8.8916 5.0467e-02  0.000e+00
       1141     16.991    12.6851  44.235494    18.7210     0.2896     8.8941 7.0296e-02  0.000e+00
       1142     16.867    12.6971  44.294843    18.0420     0.3077     8.8973 1.0203e-01  0.000e+00
       1143     16.747    12.7095  44.383868    16.9750     0.2896     8.9024 1.3498e-01  0.000e+00
       1144     16.633    12.7235  44.591597    18.3815     0.3258     8.8959 1.7225e-01  0.000e+00
       1145     16.520    12.7394  44.621271    17.8480     0.2896     8.8977 2.1757e-01  0.000e+00
       1146     16.397    12.7554  44.710296    18.0905     0.3258     8.9033 2.7465e-01  0.000e+00
       1147     16.271    12.7701  44.858676    17.7995     0.3439     8.9038 3.5169e-01  0.000e+00
       1148     16.150    12.7874  44.947703    17.2175     0.3439     8.9106 4.2639e-01  0.000e+00
       1149     16.033    12.8032  44.947700    16.0535     0.3439     8.9193 5.2128e-01  0.000e+00
       1150     15.920    12.8146  45.007051    17.1205     0.3439     8.9286 6.2039e-01  0.000e+00
       1151     15.812    12.8238  45.096080    17.6055     0.3620     8.9358 7.2412e-01  0.000e+00
       1152     15.697    12.8331  45.096078    16.8780     0.3258     8.9390 8.7224e-01  0.000e+00
       1153     15.564    12.8421  45.303816    16.2960     0.3077     8.9358 1.0527e+00  0.000e+00
       1154     15.443    12.8596  45.481877    17.0720     0.3258     8.9323 1.2294e+00  0.000e+00
       1155     15.329    12.8851  45.481872    16.0050     0.3258     8.9267 1.4232e+00  0.000e+00
       1156     15.216    12.9045  45.570902    17.5570     0.3258     8.9267 1.6489e+00  0.000e+00
       1157     15.112    12.9219  45.541221    16.3930     0.3258     8.9269 1.7486e+00  0.000e+00
       1158     15.011    12.9322  45.630252    15.8110     0.3439     8.9211 1.9524e+00  0.000e+00
       1159     14.905    12.9455  45.808316    15.7140     0.3439     8.9222 2.2048e+00  0.000e+00
       1160     14.794    12.9725  46.016059    15.4715     0.3439     8.9238 2.5035e+00  0.000e+00
       1161     14.682    13.0129  46.401873    14.6955     0.3620     8.9212 2.7984e+00  0.000e+00
       1162     14.572    13.0574  46.401866    14.3560     0.3439     8.9219 3.1127e+00  0.000e+00
       1163     14.464    13.0905  46.639293    14.0165     0.3439     8.9300 3.4408e+00  0.000e+00
       1164     14.362    13.1324  46.995440    13.5315     0.3801     8.9376 3.7355e+00  0.000e+00
       1165     14.255    13.1807  46.995432    13.1435     0.3620     8.9446 4.1542e+00  0.000e+00
       1166     14.145    13.2191  47.410946    12.4645     0.3982     8.9674 4.5991e+00  0.000e+00
       1167     14.043    13.2584  47.529661    11.4945     0.3620     8.9822 5.0201e+00  0.000e+00
       1168     13.935    13.2912  47.529656    10.8640     0.3620     9.0065 5.5936e+00  0.000e+00
       1169     13.827    13.3186  48.212315    11.0580     0.3982     9.0261 6.1961e+00  0.000e+00
       1170     13.719    13.3624  48.390398    10.5245     0.3620     9.0328 6.8345e+00  0.000e+00
       1171     13.604    13.4019  48.657529    10.2335     0.3801     9.0374 7.6687e+00  0.000e+00
       1172     13.495    13.4372  49.577693    10.0880     0.3801     9.0444 8.5049e+00  0.000e+00
       1173     13.389    13.4890  49.458950     9.9910     0.4344     9.0472 9.3448e+00  0.000e+00
       1174     13.281    13.5284  49.607361     9.6515     0.4525     9.0529 1.0406e+01  0.000e+00
       1175     13.176    13.5539  50.290092    10.1365     0.4163     9.0484 1.1405e+01  0.000e+00
       1176     13.079    13.5882  50.230716     9.7970     0.4163     9.0444 1.2449e+01  0.000e+00
       1177     12.978    13.6124  50.290081     9.4575     0.4706     9.0346 1.3808e+01  0.000e+00
       1178     12.879    13.6296  50.557242     9.6030     0.4887     9.0239 1.5039e+01  0.000e+00
       1179     12.781    13.6489  50.349444     9.3605     0.4706     9.0096 1.6497e+01  0.000e+00
       1180     12.676    13.6570  50.705662     9.6030     0.3801     9.0005 1.8506e+01  0.000e+00
       1181     12.572    13.6695  50.646289     9.5060     0.3982     8.9821 2.0131e+01  0.000e+00
       1182     12.468    13.6817  50.705657     9.4575     0.4344     8.9634 2.2084e+01  0.000e+00
       1183     12.359    13.6896  50.943139     9.7970     0.4344     8.9450 2.3300e+01  0.000e+00
       1184     12.253    13.7014  50.943136     9.7000     0.4344     8.9301 2.5573e+01  0.000e+00
       1185     12.147    13.7124  50.913448     9.4575     0.4163     8.9184 2.7831e+01  0.000e+00
       1186     12.041    13.7183  50.972818     9.5060     0.4344     8.9086 3.0809e+01  0.000e+00
       1187     11.944    13.7248  51.091560     9.7000     0.4344     8.8975 3.3433e+01  0.000e+00
       1188     11.849    13.7339  51.061872     9.3605     0.5068     8.8846 3.5911e+01  0.000e+00
       1189     11.738    13.7393  51.091556     9.1180     0.4887     8.8895 3.9555e+01  0.000e+00
       1190     11.620    13.7452  51.210298     9.0695     0.4525     8.8907 4.3233e+01  0.000e+00
       1191     11.500    13.7539  51.210296     9.0695     0.4706     8.8894 4.7193e+01  0.000e+00
       1192     11.385    13.7613  51.477471     8.7300     0.5068     8.8867 5.1634e+01  0.000e+00
       1193     11.285    13.7756  51.388409     8.0995     0.5430     8.8898 5.5262e+01  0.000e+00
       1194     11.195    13.7863  51.418093     8.1965     0.5430     8.8954 5.8628e+01  0.000e+00
       1195     11.082    13.7906  51.418091     8.2935     0.5249     8.9027 6.2990e+01  0.000e+00
       1196     10.963    13.7948  51.863390     8.2935     0.4887     8.9107 6.7570e+01  0.000e+00
       1197     10.851    13.8169  52.130571     8.0995     0.5249     8.9132 7.1232e+01  0.000e+00
       1198     10.749    13.8421  52.130566     7.8570     0.5068     8.9248 7.4735e+01  0.000e+00
       1199     10.645    13.8609  52.071188     7.4205     0.4887     8.9297 7.9173e+01  0.000e+00
       1200     10.544    13.8754  52.486812     7.1295     0.5068     8.9342 8.3492e+01  0.000e+00
       1201     10.431    13.8966  52.932132     6.8870     0.5068     8.9428 8.8340e+01  0.000e+00
       1202     10.317    13.9315  53.674354     6.4505     0.4706     8.9467 9.2896e+01  0.000e+00
       1203     10.217    13.9866  53.793103     6.4020     0.4706     8.9502 9.7054e+01  0.000e+00
       1204     10.123    14.0369  53.793094     5.4805     0.4887     8.9658 1.0170e+02  0.000e+00
       1205     10.019    14.0656  53.644640     5.4320     0.4887     8.9883 9.4627e+01  0.000e+00
       1206      9.922    14.0737  53.941537     5.2865     0.4706     9.0096 1.0298e+02  0.000e+00
       1207      9.836    14.0896  54.089985     5.0925     0.4887     9.0305 1.2349e+02  0.000e+00
       1208      9.747    14.1094  54.119671     4.7530     0.5068     9.0429 1.1046e+02  0.000e+00
       1209      9.651    14.1244  54.119668     4.8500     0.5068     9.0600 1.1604e+02  0.000e+00
       1210      9.547    14.1346  54.535335     4.7530     0.4706     9.0693 1.1897e+02  0.000e+00
       1211      9.444    14.1651  55.099466     4.3165     0.4706     9.0632 1.2178e+02  0.000e+00
       1212      9.335    14.2233  55.752687     4.0740     0.4706     9.0522 1.2827e+02  0.000e+00
       1213      9.222    14.2976  55.901138     3.7830     0.4525     9.0425 1.3483e+02  0.000e+00
       1214      9.102    14.3548  56.227753     3.5405     0.4887     9.0444 1.3488e+02  0.000e+00
       1215      8.966    14.4005  56.732540     3.2980     0.4887     9.0569 1.3585e+02  0.000e+00
       1216      8.826    14.4635  57.474899     2.8615     0.5068     9.0601 1.4339e+02  0.000e+00
       1217      8.695    14.5729  58.246974     2.7160     0.4887     9.0621 1.5198e+02  0.000e+00
       1218      8.563    14.6938  58.484524     2.4735     0.4344     9.0697 1.5278e+02  0.000e+00
       1219      8.434    14.7920  59.523924     2.3280     0.4525     9.0939 1.5316e+02  0.000e+00
       1220      8.309    14.9170  59.553597     2.0855     0.5068     9.1227 1.6188e+02  0.000e+00
       1221      8.189    15.0106  61.365270     1.9400     0.5430     9.1488 1.7148e+02  0.000e+00
       1222      8.062    15.1640  61.365239     1.8430     0.5068     9.1614 1.8188e+02  0.000e+00
       1223      7.923    15.2938  62.939438     1.6490     0.6154     9.1840 1.7985e+02  0.000e+00
       1224      7.785    15.4576  65.731737     1.4550     0.7240     9.2067 1.8048e+02  0.000e+00
       1225      7.662    15.7146  66.296136     1.2125     0.7602     9.1933 1.8909e+02  0.000e+00
       1226      7.534    15.9300  65.375145     1.0670     0.7059     9.2117 2.1063e+02  0.000e+00
       1227      7.403    16.0190  67.098217     1.1155     0.6697     9.2488 2.0824e+02  0.000e+00
       1228      7.268    16.1282  68.554025     1.1155     0.7421     9.2460 2.0864e+02  0.000e+00
       1229      7.126    16.2949  71.376824     1.1155     0.7602     9.2202 2.1584e+02  0.000e+00
       1230      6.994    16.5691  74.348601     1.0185     0.8326     9.1761 2.3787e+02  0.000e+00
       1231      6.869    16.9473  75.061817     0.9700     0.7602     9.1186 2.4132e+02  0.000e+00
       1232      6.738    17.2307  74.853696     0.9700     0.7783     9.1077 2.2861e+02  0.000e+00
       1233      6.595    17.4137  78.628622     0.9700     0.6516     9.1123 2.5618e+02  0.000e+00
       1234      6.457    17.7023  78.955547     0.9215     0.7421     9.0535 2.7363e+02  0.000e+00
       1235      6.321    17.9396  79.550044     0.9215     0.5973     9.0286 2.8050e+02  0.000e+00
       1236      6.195    18.1105  80.352680     0.9700     0.5792     8.9996 2.7883e+02  0.000e+00
       1237      6.066    18.2645  79.995888     0.8730     0.6516     8.9427 2.7474e+02  0.000e+00
       1238      5.931    18.3572  81.185059     0.9215     0.5430     8.8732 2.9294e+02  0.000e+00
       1239      5.793    18.4650  81.393146     0.8730     0.4706     8.7680 3.1273e+02  0.000e+00
       1240      5.662    18.5744  82.166139     0.8245     0.5068     8.6569 3.1218e+02  0.000e+00
       1241      5.545    18.6992  82.344499     0.8245     0.4525     8.5677 3.2380e+02  0.000e+00
       1242      5.419    18.8000  82.166077     0.8730     0.4706     8.5017 3.3990e+02  0.000e+00
       1243      5.278    18.8594  82.760713     1.4550     0.4525     8.4417 3.4775e+02  0.000e+00
       1244      5.139    18.9494  82.998554     0.8245     0.4706     8.3810 3.6631e+02  0.000e+00
       1245      5.012    19.0500  83.087727     0.8245     0.4344     8.3488 3.8914e+02  0.000e+00
       1246      4.899    19.1255  83.147173     0.8730     0.4706     8.3415 3.9127e+02  0.000e+00
       1247      4.766    19.1745  83.147158     0.9215     0.4163     8.3461 3.9708e+02  0.000e+00
       1248      4.625    19.2078  83.355285     0.8245     0.3801     8.3441 3.8472e+02  0.000e+00
       1249      4.489    19.2493  83.355273     0.8730     0.3982     8.3395 4.4552e+02  0.000e+00
       1250      4.368    19.2766  83.533669     0.9700     0.3982     8.3412 4.0334e+02  0.000e+00
       1251      4.258    19.3177  83.533657     0.8245     0.3982     8.3462 5.0471e+02  0.000e+00
       1252      4.131    19.3566  83.622848     0.8730     0.3801     8.3546 5.1249e+02  0.000e+00
       1253      4.006    19.3858  83.622839     0.8245     0.3801     8.3492 4.0448e+02  0.000e+00
       1254      3.879    19.4100  83.682300     1.2610     0.3258     8.3540 5.9378e+02  0.000e+00
       1255      3.760    19.4288  83.801233     0.8730     0.3258     8.3564 5.3776e+02  0.000e+00
       1256      3.633    19.4482  83.682288     0.8245     0.3439     8.3572 5.2497e+02  0.000e+00
       1257      3.501    19.4602  83.771487     0.8245     0.3439     8.3587 5.5621e+02  0.000e+00
       1258      3.372    19.4736  83.801217     0.8245     0.3258     8.3575 4.9150e+02  0.000e+00
       1259      3.243    19.4896  83.771477     0.7760     0.2896     8.3549 6.8508e+02  0.000e+00
       1260      3.113    19.5032  83.801207     0.8730     0.3077     8.3621 5.9264e+02  0.000e+00
       1261      2.992    19.5122  83.860673     0.8730     0.2896     8.3747 7.0486e+02  0.000e+00
       1262      2.860    19.5205  83.890404     0.8245     0.2896     8.3775 5.2747e+02  0.000e+00
       1263      2.721    19.5275  83.890401     0.8245     0.2896     8.3775 6.1697e+02  0.000e+00
       1264      2.583    19.5364  83.890398     0.8730     0.2896     8.3837 6.5795e+02  0.000e+00
       1265      2.466    19.5450  83.860660     0.8245     0.2896     8.3931 4.9819e+02  0.000e+00
       1266      2.342    19.5531  83.890391     0.8730     0.2534     8.3938 8.5424e+02  0.000e+00
       1267      2.214    19.5599  83.920123     0.8245     0.2353     8.3954 1.1491e+03  0.000e+00
       1268      2.081    19.5634  83.890386     0.8730     0.2715     8.3912 5.6927e+02  0.000e+00
       1269      1.959    19.5655  83.920120     0.7760     0.2353     8.3899 6.7825e+02  0.000e+00
       1270      1.836    19.5692  83.890383     0.8245     0.2353     8.3911 9.2891e+02  0.000e+00
       1271      1.697    19.5732  83.949850     0.8245     0.2353     8.3942 8.9920e+02  0.000e+00
       1272      1.556    19.5763  83.920114     0.7275     0.2534     8.4021 6.6434e+02  0.000e+00
       1273      1.422    19.5789  84.009316     0.8245     0.2534     8.4101 1.2197e+03  0.000e+00
       1274      1.303    19.5822  83.949845     0.7275     0.2172     8.4207 8.4602e+02  0.000e+00
       1275      1.182    19.5851  83.920108     0.8245     0.2353     8.4262 1.1048e+03  0.000e+00
       1276      1.049    19.5846  83.890372     0.7275     0.2353     8.4364 1.3115e+03  0.000e+00
       1277      0.904    19.5867  83.979575     0.8245     0.2353     8.4357 6.9992e+02  0.000e+00
       1278      0.761    19.5892  83.949838     0.7760     0.2172     8.4358 1.5402e+03  0.000e+00
       1279      0.641    19.5898  83.949837     0.7760     0.1991     8.4284 1.5944e+03  0.000e+00
       1280      0.526    19.5902  83.920101     0.8730     0.2353     8.4294 1.2706e+03  0.000e+00
