Data/MON10_13Aug2015053.cnv
* Sea-Bird SBE19plus Data File:
* FileName = C:\Users\User\Desktop\WorkingFolder\HEX\MON10_13Aug2015053.hex
* Software Version 1.59
* Temperature SN =  7506
* Conductivity SN =  7506
* System UpLoad Time = Aug 13 2015 16:22:55
* ds
* SBE 19plus V 2.5.2  SERIAL NO. 7506    13 Aug 2015 16:14:43
# nquan = 9
# nvalues = 1318                                  
# units = specified
# name 0 = scan: Scan Count
# name 1 = prdM: Pressure, Strain Gauge [db]
# name 2 = tv290C: Temperature [ITS-90, deg C]
# name 3 = c0uS/cm: Conductivity [uS/cm]
# name 4 = turbWETntu0: Turbidity, WET Labs ECO [NTU]
# name 5 = flECO-AFL: Fluorescence, WET Labs ECO-AFL/FL [mg/m^3]
# name 6 = sbeox0Mg/L: Oxygen, SBE 43 [mg/l]
# name 7 = par: PAR/Irradiance, Biospherical/Licor
# name 8 = flag:  0.000e+00
# span 0 =          1,       1318                 
# span 1 =     -0.655,     24.607                 
# span 2 =    12.5309,    19.6638                 
# span 3 =   0.779189,  84.395878                 
# span 4 =   -22.4555,    35.3080                 
# span 5 =    -6.7875,     8.4527                 
# span 6 =     5.5457,    10.3095                 
# span 7 = 1.0000e-12, 4.0978e+03                 
# span 8 = 0.0000e+00, 0.0000e+00                 
# interval = seconds: 0.25
# start_time = Aug 12 2015 10:36:03 [Instrument's time stamp, header]
# bad_flag = -9.990e-29
*END*
          1     -0.650    16.5642   0.927237     0.6305     0.0181     9.1091 2.8350e+03  0.000e+00
          2     -0.650    16.5658   0.897628     0.7275     0.0362     9.1025 2.8221e+03  0.000e+00
          3     -0.650    16.5683   0.927237     0.7275     0.0181     9.1020 2.8216e+03  0.000e+00
          4     -0.650    16.5721   0.956847     0.7275     0.0362     9.1022 2.7876e+03  0.000e+00
          5     -0.648    16.5749   0.956847     0.5820     0.0362     9.0977 2.7890e+03  0.000e+00
          6     -0.650    16.5762   0.956847     0.5820     0.0724     9.1001 2.8400e+03  0.000e+00
          7     -0.650    16.5772   0.897628     0.6790    -0.0543     9.0992 2.8665e+03  0.000e+00
          8     -0.650    16.5783   0.897628     0.7275     0.0543     9.1022 2.8675e+03  0.000e+00
          9     -0.649    16.5796   0.927237     0.5335     0.0543     9.0998 2.8630e+03  0.000e+00
         10     -0.652    16.5807   0.956847     0.5335     0.0181     9.1028 2.8630e+03  0.000e+00
         11     -0.650    16.5817   0.956847     0.4850     0.0362     9.1008 2.8630e+03  0.000e+00
         12     -0.652    16.5825   0.927237     0.5820     0.0362     9.1025 2.8620e+03  0.000e+00
         13     -0.651    16.5832   0.897628     0.5820     0.0181     9.1028 2.8440e+03  0.000e+00
         14     -0.650    16.5840   0.897628     0.6305     0.0181     9.1035 2.8415e+03  0.000e+00
         15     -0.651    16.5847   0.897628     0.6790     0.0905     9.0993 2.8425e+03  0.000e+00
         16     -0.650    16.5855   0.956847     0.6790    -0.0362     9.1030 2.8405e+03  0.000e+00
         17     -0.651    16.5864   0.897628     0.4850     0.0362     9.1049 2.8440e+03  0.000e+00
         18     -0.649    16.5872   0.927237     0.6790     0.0543     9.1037 2.8460e+03  0.000e+00
         19     -0.649    16.5879   0.897628     0.6305     0.0362     9.1046 2.5362e+03  0.000e+00
         20     -0.652    16.5889   0.956847     0.6790     0.0362     9.1038 2.6781e+03  0.000e+00
         21     -0.651    16.5902   0.927237     0.5820    -0.0181     9.1013 2.8171e+03  0.000e+00
         22     -0.649    16.5911   0.897628     0.5335     0.0362     9.1006 2.7773e+03  0.000e+00
         23     -0.650    16.5920   0.956847     0.5820     0.0181     9.1005 2.8245e+03  0.000e+00
         24     -0.650    16.5929   0.897628     0.7275     0.0543     9.0999 2.8255e+03  0.000e+00
         25     -0.650    16.5937   0.897628     0.7275     0.0724     9.0986 2.8201e+03  0.000e+00
         26     -0.652    16.5945   0.897628     0.6305     0.0543     9.1016 2.8405e+03  0.000e+00
         27     -0.652    16.5955   0.897628     0.7275     0.0362     9.0998 2.8510e+03  0.000e+00
         28     -0.652    16.5966   0.897628     0.6790     0.0181     9.1009 2.8410e+03  0.000e+00
         29     -0.650    16.5975   0.838408     0.5820    -0.0181     9.1019 2.8400e+03  0.000e+00
         30     -0.651    16.5984   0.838408     0.6790     0.0543     9.1014 2.8315e+03  0.000e+00
         31     -0.651    16.5995   0.838408     0.5335     0.0362     9.0989 2.8320e+03  0.000e+00
         32     -0.651    16.6005   0.897628     0.6790     0.0181     9.0943 2.8535e+03  0.000e+00
         33     -0.651    16.6013   0.897628     0.5820     0.0181     9.0968 2.8560e+03  0.000e+00
         34     -0.652    16.6024   0.897628     0.4365     0.0362     9.0925 2.8610e+03  0.000e+00
         35     -0.651    16.6034   0.897628     0.7275     0.0000     9.0960 2.8756e+03  0.000e+00
         36     -0.650    16.6043   0.838408     0.5820     0.0362     9.0938 2.8990e+03  0.000e+00
         37     -0.651    16.6052   0.897628     0.6305     0.0000     9.0963 2.8898e+03  0.000e+00
         38     -0.650    16.6054   0.897628     0.6305     0.0362     9.0932 2.9343e+03  0.000e+00
         39     -0.653    16.6060   0.897628     0.5820     0.0724     9.0963 2.9534e+03  0.000e+00
         40     -0.653    16.6067   0.838408     0.6305     0.0181     9.0956 2.9847e+03  0.000e+00
         41     -0.652    16.6071   0.897628     0.4850     0.0181     9.0958 3.0270e+03  0.000e+00
         42     -0.652    16.6078   0.897628     0.7760     0.0362     9.0962 3.0419e+03  0.000e+00
         43     -0.651    16.6085   0.897628     0.6305     0.0000     9.0983 3.0704e+03  0.000e+00
         44     -0.651    16.6090   0.897628     0.6305     0.0362     9.0982 3.0904e+03  0.000e+00
         45     -0.649    16.6095   0.897628     0.5335     0.0181     9.0960 3.1073e+03  0.000e+00
         46     -0.651    16.6100   0.838408     0.5335     0.0362     9.0992 3.1286e+03  0.000e+00
         47     -0.652    16.6104   0.897628     0.5820    -0.0181     9.0976 3.1601e+03  0.000e+00
         48     -0.651    16.6103   0.838408     0.6305     0.0000     9.0997 3.1975e+03  0.000e+00
         49     -0.651    16.6097   0.897628     0.6305     0.0362     9.0952 3.2331e+03  0.000e+00
         50     -0.650    16.6091   0.897628     0.5335     0.0362     9.0984 3.2605e+03  0.000e+00
         51     -0.652    16.6088   0.838408     0.6790     0.0543     9.0976 3.2777e+03  0.000e+00
         52     -0.651    16.6083   0.897628     0.5335     0.0724     9.0986 3.3014e+03  0.000e+00
         53     -0.651    16.6079   0.897628     0.5820     0.0362     9.0975 3.3235e+03  0.000e+00
         54     -0.652    16.6069   0.897628     0.5820     0.0362     9.0939 3.3487e+03  0.000e+00
         55     -0.652    16.6061   0.838408     0.6305     0.0000     9.0954 3.3789e+03  0.000e+00
         56     -0.651    16.6053   0.897628     0.6790     0.0543     9.0937 3.4021e+03  0.000e+00
         57     -0.651    16.6046   0.838408     0.5820     0.0362     9.0942 3.4303e+03  0.000e+00
         58     -0.652    16.6039   0.838408     0.5820     0.0362     9.0930 3.4600e+03  0.000e+00
         59     -0.651    16.6034   0.779189     0.6305     0.0181     9.0963 3.4789e+03  0.000e+00
         60     -0.651    16.6026   0.897628     0.6305     0.0362     9.0948 3.4874e+03  0.000e+00
         61     -0.654    16.6022   0.897628     0.6790     0.0181     9.0963 3.5126e+03  0.000e+00
         62     -0.652    16.6017   0.838408     0.6790     0.0362     9.1000 3.5157e+03  0.000e+00
         63     -0.652    16.6013   0.897628     0.7275     0.0362     9.0975 3.5324e+03  0.000e+00
         64     -0.652    16.6008   0.838408     0.6790     0.0362     9.0974 3.5393e+03  0.000e+00
         65     -0.649    16.6001   0.838408     0.6305     0.0362     9.0982 3.5630e+03  0.000e+00
         66     -0.652    16.5998   0.838408     0.5820     0.0181     9.1009 3.5856e+03  0.000e+00
         67     -0.650    16.5994   0.838408     0.6790     0.0543     9.0960 3.6045e+03  0.000e+00
         68     -0.654    16.5992   0.838408     0.6305     0.0362     9.0970 3.6160e+03  0.000e+00
         69     -0.650    16.5991   0.897628     0.7275     0.0543     9.0961 3.6153e+03  0.000e+00
         70     -0.652    16.5988   0.897628     0.5820     0.0362     9.0972 3.6389e+03  0.000e+00
         71     -0.652    16.5984   0.779189     0.5820     0.0362     9.0978 3.6588e+03  0.000e+00
         72     -0.652    16.5977   0.838408     0.5820     0.0543     9.0986 3.6833e+03  0.000e+00
         73     -0.652    16.5975   0.838408     0.6305     0.0543     9.0980 3.7119e+03  0.000e+00
         74     -0.650    16.5975   0.838408     0.6790     0.0543     9.0974 3.7230e+03  0.000e+00
         75     -0.650    16.5975   0.838408     0.7275     0.0181     9.1012 3.7380e+03  0.000e+00
         76     -0.652    16.5973   0.838408     0.6790     0.0181     9.0977 3.7512e+03  0.000e+00
         77     -0.651    16.5973   0.897628     0.5820     0.0543     9.0963 3.7743e+03  0.000e+00
         78     -0.654    16.5975   0.838408     0.7275     0.0362     9.0969 3.7909e+03  0.000e+00
         79     -0.651    16.5972   0.838408     0.7275     0.0181     9.0952 3.7956e+03  0.000e+00
         80     -0.651    16.5970   0.838408     0.6305     0.0362     9.0930 3.8009e+03  0.000e+00
         81     -0.654    16.5969   0.838408     0.5820     0.0181     9.0971 3.8197e+03  0.000e+00
         82     -0.652    16.5966   0.838408     0.5820     0.0181     9.0961 3.8419e+03  0.000e+00
         83     -0.655    16.5966   0.779189     0.5820     0.0362     9.0928 3.8372e+03  0.000e+00
         84     -0.652    16.5968   0.838408     0.4850     0.0000     9.0961 3.7909e+03  0.000e+00
         85     -0.650    16.5967   0.838408     0.5820     0.0362     9.0968 3.7598e+03  0.000e+00
         86     -0.651    16.5966   0.838408     0.6790     0.0181     9.0953 3.7348e+03  0.000e+00
         87     -0.652    16.5964   0.838408     0.5335     0.0181     9.1013 3.7289e+03  0.000e+00
         88     -0.652    16.5963   0.838408     0.5820     0.0362     9.1005 3.7518e+03  0.000e+00
         89     -0.651    16.5964   0.838408     0.7275     0.0543     9.0958 3.7249e+03  0.000e+00
         90     -0.654    16.5965   0.897628     0.6790     0.0362     9.0958 3.7145e+03  0.000e+00
         91     -0.650    16.5964   0.897628     0.6305     0.0181     9.0954 3.7584e+03  0.000e+00
         92     -0.654    16.5967   0.838408     0.6790     0.0362     9.0964 3.7710e+03  0.000e+00
         93     -0.652    16.5973   0.838408     0.6790    -0.0181     9.0970 3.7499e+03  0.000e+00
         94     -0.651    16.5978   0.838408     0.6790     0.0362     9.0958 3.7190e+03  0.000e+00
         95     -0.652    16.5978   0.838408     0.6790     0.0362     9.0934 3.6995e+03  0.000e+00
         96     -0.652    16.5979   0.897628     0.7275     0.0362     9.0958 3.6995e+03  0.000e+00
         97     -0.652    16.5978   0.838408     0.6790     0.0362     9.0949 3.7060e+03  0.000e+00
         98     -0.650    16.5978   0.897628     0.5820     0.0543     9.0959 3.7053e+03  0.000e+00
         99     -0.652    16.5978   0.838408     0.5820     0.0362     9.0938 3.7164e+03  0.000e+00
        100     -0.650    16.5977   0.838408     0.6305     0.0181     9.0957 3.7190e+03  0.000e+00
        101     -0.652    16.5977   0.838408     0.6305     0.0362     9.0882 3.6729e+03  0.000e+00
        102     -0.654    16.5977   0.838408     0.5820     0.0181     9.0947 3.6287e+03  0.000e+00
        103     -0.652    16.5979   0.897628     0.5335     0.0362     9.0938 3.5951e+03  0.000e+00
        104     -0.650    16.5980   0.838408     0.6305     0.0543     9.0953 3.5480e+03  0.000e+00
        105     -0.651    16.5981   0.838408     0.6790    -0.0362     9.0988 3.3165e+03  0.000e+00
        106     -0.650    16.5982   0.838408     0.5820     0.0181     9.0958 3.5517e+03  0.000e+00
        107     -0.651    16.5981   0.838408     0.7760     0.0362     9.0966 2.5259e+03  0.000e+00
        108     -0.654    16.5983   0.838408     0.7760     0.0000     9.0955 1.1062e+03  0.000e+00
        109     -0.652    16.5983   0.838408     0.6790    -0.0362     9.0989 9.1514e+02  0.000e+00
        110     -0.651    16.5984   0.779189     0.0000     0.0362     9.0909 9.2712e+02  0.000e+00
        111     -0.651    16.5999   0.838408     0.0000     0.0362     9.0933 1.5259e+03  0.000e+00
        112     -0.650    16.6043   0.897628     0.0000     0.0362     9.0911 2.5348e+03  0.000e+00
        113     -0.650    16.6091   0.838408     0.0000     0.0362     9.0924 3.9237e+03  0.000e+00
        114     -0.652    16.6142   0.838408     0.0000     0.0362     9.0918 3.4509e+03  0.000e+00
        115     -0.651    16.6193   0.838408     0.0000     0.0362     9.0933 3.7060e+03  0.000e+00
        116     -0.651    16.6237   0.897628     0.0000     0.0362     9.0893 3.8372e+03  0.000e+00
        117     -0.651    16.6269   0.838408     0.0000     0.0362     9.0858 4.0978e+03  0.000e+00
        118     -0.652    16.6283   0.897628     0.0000     0.0362     9.0863 3.8860e+03  0.000e+00
        119     -0.651    16.6292   0.897628     0.0000     0.0362     9.0863 2.8435e+03  0.000e+00
        120     -0.609    16.6350  22.257843     0.0000     0.0362     9.0893 3.9473e+03  0.000e+00
        121     -0.483    17.0711  81.512391    16.0535     2.6788     9.0038 3.9905e+03  0.000e+00
        122     -0.374    17.8762  75.388478     8.0995    -5.9549     8.8647 3.9389e+03  0.000e+00
        123     -0.264    18.5043  83.771717     0.7275    -0.8507     8.7517 3.8812e+03  0.000e+00
        124     -0.192    18.9367  83.860804    -1.0670     0.0362     8.6807 3.8588e+03  0.000e+00
        125     -0.142    19.1900  83.890470    -0.4850     0.4525     8.6571 2.7251e+03  0.000e+00
        126     -0.073    19.3276  83.741760    -0.7275     0.0724     8.6886 1.8728e+03  0.000e+00
        127     -0.039    19.4055  83.622802     1.3095     0.0905     8.7484 1.7664e+03  0.000e+00
        128     -0.032    19.4488  83.533587     0.6790     0.2896     8.8262 1.5407e+03  0.000e+00
        129     -0.022    19.4740  83.533580     1.0185     0.0905     8.9105 1.6321e+03  0.000e+00
        130     -0.007    19.4889  83.414640     1.0185     0.1991     8.9879 1.9839e+03  0.000e+00
        131     -0.017    19.4940  83.444372     0.9215     0.2353     9.0509 1.4149e+03  0.000e+00
        132     -0.053    19.4877  83.355172     1.4065     0.1991     9.0911 1.8097e+03  0.000e+00
        133     -0.078    19.4644  83.444380     2.1340     0.6697     9.1010 1.7948e+03  0.000e+00
        134     -0.083    19.4692  83.622784     1.3095     0.1267     9.0679 1.8486e+03  0.000e+00
        135     -0.086    19.4866  83.533576     0.3395     0.0362     9.0135 1.7423e+03  0.000e+00
        136     -0.102    19.4956  83.295702     0.3880     0.4344     8.9567 1.8037e+03  0.000e+00
        137     -0.133    19.5033  83.355167     0.4365     0.2715     8.9007 3.7203e+03  0.000e+00
        138     -0.150    19.5110  83.652506     1.3095     0.3801     8.8473 3.7158e+03  0.000e+00
        139     -0.115    19.5262  83.741706     0.8730     0.0000     8.8303 2.5429e+03  0.000e+00
        140     -0.067    19.5359  83.622766     0.3880     0.0724     8.8224 1.7371e+03  0.000e+00
        141     -0.028    19.5370  83.533563     0.1455     0.0362     8.7358 1.9299e+03  0.000e+00
        142      0.021    19.5399  83.593031     0.8245     0.0543     8.5366 1.6931e+03  0.000e+00
        143      0.052    19.5478  83.384890     1.2610     0.2353     8.2405 1.7605e+03  0.000e+00
        144      0.067    19.5485  83.414624     0.7275     0.2715     7.8793 1.6517e+03  0.000e+00
        145      0.073    19.5536  83.533559     0.7275     0.1991     7.4867 1.6914e+03  0.000e+00
        146      0.073    19.5624  83.652494     0.8245     0.2534     7.0910 1.7807e+03  0.000e+00
        147      0.069    19.5707  83.622758     0.9215     0.1991     6.7371 1.6555e+03  0.000e+00
        148      0.065    19.5730  83.622757     0.6790     0.2715     6.4664 1.8702e+03  0.000e+00
        149      0.059    19.5735  83.652491     0.7760     0.1991     6.3078 1.6558e+03  0.000e+00
        150      0.059    19.5761  83.593022     0.6790     0.1991     6.2432 1.8142e+03  0.000e+00
        151      0.063    19.5735  83.503820     0.8730     0.2172     6.2778 1.9452e+03  0.000e+00
        152      0.060    19.5578  83.414622     0.7760     0.1991     6.3963 1.3286e+03  0.000e+00
        153      0.053    19.5509  83.533560     0.7760     0.2172     6.5678 1.3934e+03  0.000e+00
        154      0.050    19.5568  83.533558     0.8245     0.1991     6.7610 2.7827e+03  0.000e+00
        155      0.052    19.5662  83.533556     0.8730     0.1810     6.9412 1.5423e+03  0.000e+00
        156      0.051    19.5690  83.503821     0.7760     0.2172     7.0846 1.4547e+03  0.000e+00
        157      0.046    19.5646  83.474088     0.8245     0.1810     7.1620 1.8698e+03  0.000e+00
        158      0.042    19.5605  83.533557     0.8730     0.1991     7.1566 1.1882e+03  0.000e+00
        159      0.043    19.5655  83.593024     0.8730     0.2715     7.0786 1.8652e+03  0.000e+00
        160      0.042    19.5734  83.593022     0.8245     0.2353     6.9726 1.7999e+03  0.000e+00
