Data/MON10_13Aug2015051.cnv
* Sea-Bird SBE19plus Data File:
* FileName = C:\Users\User\Desktop\WorkingFolder\HEX\MON10_13Aug2015051.hex
* Software Version 1.59
* Temperature SN =  7506
* Conductivity SN =  7506
* System UpLoad Time = Aug 13 2015 16:19:05
* ds
* SBE 19plus V 2.5.2  SERIAL NO. 7506    13 Aug 2015 16:14:43
# nquan = 9
# nvalues = 5605                                  
# units = specified
# name 0 = scan: Scan Count
# name 1 = prdM: Pressure, Strain Gauge [db]
# name 2 = tv290C: Temperature [ITS-90, deg C]
# name 3 = c0uS/cm: Conductivity [uS/cm]
# name 4 = turbWETntu0: Turbidity, WET Labs ECO [NTU]
# name 5 = flECO-AFL: Fluorescence, WET Labs ECO-AFL/FL [mg/m^3]
# name 6 = sbeox0Mg/L: Oxygen, SBE 43 [mg/l]
# name 7 = par: PAR/Irradiance, Biospherical/Licor
# name 8 = flag:  0.000e+00
# span 0 =          1,       5605                 
# span 1 =     -0.223,    187.370                 
# span 2 =     5.0751,    20.2271                 
# span 3 =   0.571923, 103.644154                 
# span 4 =    -6.0140,    73.0410                 
# span 5 =    -2.1901,     6.2264                 
# span 6 =     4.9533,    12.4132                 
# span 7 = 1.0000e-12, 4.1976e+03                 
# span 8 = 0.0000e+00, 0.0000e+00                 
# interval = seconds: 0.25
# start_time = Aug 11 2015 10:57:33 [Instrument's time stamp, header]
# bad_flag = -9.990e-29
*END*
[from data line 4801]
       4802    164.325     5.0872  75.273905     0.3880     0.1448    10.7803 7.4059e-05  0.000e+00
       4803    164.289     5.0873  75.273905     0.3395     0.1629    10.7856 7.4059e-05  0.000e+00
       4804    164.229     5.0872  75.244181     0.3395     0.1448    10.7887 7.4059e-05  0.000e+00
       4805    164.139     5.0870  75.273904     0.2910     0.1448    10.7886 4.4200e-05  0.000e+00
       4806    164.038     5.0869  75.303627     0.2910     0.1448    10.7939 2.9274e-05  0.000e+00
       4807    163.964     5.0870  75.273903     0.2425     0.1267    10.8019 1.0393e-04  0.000e+00
       4808    163.882     5.0874  75.273902     0.2425     0.1629    10.8017 1.0393e-04  0.000e+00
       4809    163.814     5.0875  75.303625     0.2425     0.1267    10.7979 1.0000e-12  0.000e+00
       4810    163.773     5.0877  75.214454     0.2910     0.1448    10.7883 2.9274e-05  0.000e+00
       4811    163.732     5.0876  75.273901     0.2910     0.1448    10.7817 7.4059e-05  0.000e+00
       4812    163.655     5.0872  75.303624     0.3880     0.1448    10.7790 2.9274e-05  0.000e+00
       4813    163.560     5.0872  75.214453     0.2910     0.1629    10.7783 1.0000e-12  0.000e+00
       4814    163.485     5.0873  75.244176     0.3395     0.1267    10.7735 2.9274e-05  0.000e+00
       4815    163.417     5.0874  75.214452     0.3395     0.1629    10.7740 4.4200e-05  0.000e+00
       4816    163.344     5.0875  75.273898     0.3395     0.1448    10.7785 4.4200e-05  0.000e+00
       4817    163.285     5.0875  75.303621     0.3395     0.1448    10.7857 5.9128e-05  0.000e+00
       4818    163.251     5.0876  75.214450     0.3395     0.1629    10.7874 8.8992e-05  0.000e+00
       4819    163.189     5.0874  75.303621     0.3395     0.1448    10.7936 2.9274e-05  0.000e+00
       4820    163.105     5.0873  75.273896     0.4365     0.1448    10.7879 1.3381e-04  0.000e+00
       4821    163.018     5.0874  75.273896     0.2910     0.1267    10.7855 1.3381e-04  0.000e+00
       4822    162.952     5.0874  75.244172     0.2910     0.1267    10.7807 5.9128e-05  0.000e+00
       4823    162.877     5.0875  75.214448     0.2910     0.1448    10.7783 2.9274e-05  0.000e+00
       4824    162.811     5.0878  75.214447     0.3395     0.1448    10.7773 1.0393e-04  0.000e+00
       4825    162.775     5.0879  75.303618     0.2910     0.1629    10.7838 7.4059e-05  0.000e+00
       4826    162.735     5.0878  75.214447     0.2910     0.1629    10.8000 1.0000e-12  0.000e+00
       4827    162.647     5.0877  75.244169     0.3395     0.1267    10.8017 7.4059e-05  0.000e+00
       4828    162.534     5.0875  75.214445     0.2910     0.1267    10.8161 7.4059e-05  0.000e+00
       4829    162.443     5.0877  75.214444     0.2910     0.1629    10.8116 1.0000e-12  0.000e+00
       4830    162.394     5.0881  75.244168     0.3880     0.1267    10.8081 7.4059e-05  0.000e+00
       4831    162.391     5.0883  75.214444     0.3395     0.1448    10.7959 1.4351e-05  0.000e+00
       4832    162.429     5.0881  75.214444     0.2910     0.1629    10.7950 4.4200e-05  0.000e+00
       4833    162.481     5.0877  75.214445     0.2425     0.1629    10.7865 1.0000e-12  0.000e+00
       4834    162.533     5.0874  75.214445     0.2910     0.1810    10.7917 1.0393e-04  0.000e+00
       4835    162.567     5.0871  75.214446     0.3395     0.1629    10.7978 2.9274e-05  0.000e+00
       4836    162.581     5.0871  75.273893     0.2910     0.1267    10.8020 1.0000e-12  0.000e+00
       4837    162.582     5.0871  75.214446     0.3395     0.1448    10.8050 1.0000e-12  0.000e+00
       4838    162.569     5.0869  75.244169     0.2910     0.1448    10.8029 1.0000e-12  0.000e+00
       4839    162.547     5.0869  75.214445     0.2910     0.1448    10.8030 4.4200e-05  0.000e+00
       4840    162.528     5.0868  75.244169     0.2910     0.1448    10.7981 2.9274e-05  0.000e+00
       4841    162.515     5.0868  75.214445     0.3880     0.1267    10.7944 7.4059e-05  0.000e+00
       4842    162.507     5.0869  75.214445     0.2910     0.1448    10.7869 7.4059e-05  0.000e+00
       4843    162.520     5.0869  75.214445     0.3395     0.1448    10.7846 2.9274e-05  0.000e+00
       4844    162.542     5.0869  75.214445     0.2425     0.1448    10.7920 4.4200e-05  0.000e+00
       4845    162.547     5.0869  75.214445     0.3395     0.1629    10.7959 1.0000e-12  0.000e+00
       4846    162.479     5.0869  75.214445     0.3395     0.1448    10.8008 7.4059e-05  0.000e+00
       4847    162.311     5.0870  75.214444     0.3395     0.1448    10.7963 7.4059e-05  0.000e+00
       4848    162.091     5.0871  75.244166     0.2910     0.1448    10.8005 7.4059e-05  0.000e+00
       4849    161.858     5.0875  75.214440     0.3395     0.1267    10.7941 7.4059e-05  0.000e+00
       4850    161.603     5.0882  75.214438     0.2910     0.1267    10.7988 2.9274e-05  0.000e+00
       4851    161.357     5.0887  75.214436     0.2910     0.1267    10.7988 1.0000e-12  0.000e+00
       4852    161.104     5.0892  75.214434     0.3395     0.1448    10.7958 1.0000e-12  0.000e+00
       4853    160.863     5.0895  75.214433     0.2910     0.1448    10.8051 8.8992e-05  0.000e+00
       4854    160.622     5.0896  75.214431     0.3395     0.1629    10.8037 2.9274e-05  0.000e+00
       4855    160.382     5.0896  75.184706     0.3395     0.1267    10.8028 1.3381e-04  0.000e+00
       4856    160.130     5.0897  75.214427     0.3395     0.1448    10.7995 7.4059e-05  0.000e+00
       4857    159.879     5.0897  75.184702     0.2910     0.1629    10.8064 4.4200e-05  0.000e+00
       4858    159.623     5.0897  75.184700     0.2910     0.1448    10.8080 8.8992e-05  0.000e+00
       4859    159.370     5.0899  75.244145     0.2910     0.1448    10.8178 1.0393e-04  0.000e+00
       4860    159.106     5.0903  75.184696     0.3395     0.1448    10.8168 1.1887e-04  0.000e+00
       4861    158.846     5.0906  75.214418     0.2910     0.1448    10.8213 4.4200e-05  0.000e+00
       4862    158.584     5.0911  75.214416     0.2910     0.1086    10.8289 5.9128e-05  0.000e+00
       4863    158.324     5.0915  75.184690     0.2910     0.1267    10.8332 1.0393e-04  0.000e+00
       4864    158.052     5.0919  75.214412     0.2425     0.1267    10.8331 8.8992e-05  0.000e+00
       4865    157.788     5.0923  75.214410     0.3880     0.1267    10.8318 7.4059e-05  0.000e+00
       4866    157.520     5.0927  75.214408     0.2425     0.1448    10.8343 7.4059e-05  0.000e+00
       4867    157.255     5.0929  75.214406     0.3395     0.1629    10.8286 1.0393e-04  0.000e+00
       4868    156.982     5.0933  75.184680     0.2910     0.1267    10.8350 5.9128e-05  0.000e+00
       4869    156.716     5.0934  75.214402     0.2910     0.1448    10.8402 1.0000e-12  0.000e+00
       4870    156.444     5.0936  75.214400     0.3395     0.1267    10.8365 7.4059e-05  0.000e+00
       4871    156.173     5.0937  75.184674     0.2425     0.1267    10.8266 7.4059e-05  0.000e+00
       4872    155.897     5.0939  75.154949     0.3395     0.1448    10.8205 1.0000e-12  0.000e+00
       4873    155.633     5.0941  75.184670     0.3395     0.1448    10.8160 7.4059e-05  0.000e+00
       4874    155.361     5.0944  75.214392     0.2910     0.1629    10.8048 2.9274e-05  0.000e+00
       4875    155.094     5.0947  75.184666     0.2425     0.1810    10.8035 7.4059e-05  0.000e+00
       4876    154.819     5.0950  75.125218     0.2910     0.1267    10.7988 2.9274e-05  0.000e+00
       4877    154.558     5.0952  75.214386     0.2910     0.1267    10.8026 5.9128e-05  0.000e+00
       4878    154.296     5.0954  75.184660     0.3395     0.1267    10.8059 7.4059e-05  0.000e+00
       4879    154.033     5.0956  75.125212     0.3395     0.1810    10.8107 7.4059e-05  0.000e+00
       4880    153.772     5.0957  75.095487     0.3395     0.1267    10.8244 1.0000e-12  0.000e+00
       4881    153.512     5.0957  75.125208     0.3395     0.1629    10.8296 4.4200e-05  0.000e+00
       4882    153.246     5.0957  75.095483     0.3395     0.1267    10.8439 5.9128e-05  0.000e+00
       4883    152.975     5.0957  75.065758     0.3395     0.1267    10.8523 7.4059e-05  0.000e+00
       4884    152.702     5.0959  75.125202     0.2425     0.1267    10.8577 2.9274e-05  0.000e+00
       4885    152.448     5.0961  75.095477     0.2910     0.1267    10.8643 1.0393e-04  0.000e+00
       4886    152.184     5.0963  75.125198     0.2910     0.1267    10.8639 7.4059e-05  0.000e+00
       4887    151.923     5.0965  75.095473     0.3395     0.1267    10.8799 7.4059e-05  0.000e+00
       4888    151.642     5.0966  75.125194     0.2425     0.1448    10.8852 4.4200e-05  0.000e+00
       4889    151.379     5.0969  75.125192     0.2425     0.1086    10.8972 2.9274e-05  0.000e+00
       4890    151.102     5.0972  75.095467     0.3395     0.1629    10.9011 1.3381e-04  0.000e+00
       4891    150.832     5.0975  75.125188     0.2910     0.1629    10.8988 1.0000e-12  0.000e+00
       4892    150.555     5.0979  75.065740     0.3395     0.1267    10.9060 1.0393e-04  0.000e+00
       4893    150.305     5.0982  75.095461     0.3395     0.1629    10.9047 2.9274e-05  0.000e+00
       4894    150.112     5.0987  75.125183     0.2910     0.1448    10.9020 5.9128e-05  0.000e+00
       4895    150.011     5.0991  75.065735     0.2910     0.1629    10.8884 2.9274e-05  0.000e+00
       4896    149.982     5.0994  75.125182     0.2910     0.1629    10.8933 1.6370e-04  0.000e+00
       4897    150.030     5.0996  75.184629     0.3395     0.1448    10.8924 1.0000e-12  0.000e+00
       4898    150.108     5.0999  75.095459     0.3395     0.1448    10.8951 5.9128e-05  0.000e+00
       4899    150.204     5.0998  75.065737     0.2910     0.1448    10.8936 2.9274e-05  0.000e+00
       4900    150.276     5.0996  75.065737     0.3395     0.1448    10.8935 8.8992e-05  0.000e+00
       4901    150.319     5.0991  75.095461     0.2910     0.1448    10.8934 8.8992e-05  0.000e+00
       4902    150.337     5.0988  75.125184     0.2910     0.1448    10.8939 1.4351e-05  0.000e+00
       4903    150.304     5.0985  75.095461     0.3395     0.1448    10.8908 4.4200e-05  0.000e+00
       4904    150.222     5.0982  75.065737     0.2910     0.1629    10.8887 1.0000e-12  0.000e+00
       4905    150.103     5.0981  75.125183     0.3395     0.1448    10.8879 1.3381e-04  0.000e+00
       4906    149.964     5.0983  75.095459     0.2910     0.1267    10.8800 4.4200e-05  0.000e+00
       4907    149.807     5.0985  75.125181     0.2910     0.1448    10.8857 1.0000e-12  0.000e+00
       4908    149.650     5.0990  75.095456     0.3395     0.1267    10.8817 4.4200e-05  0.000e+00
       4909    149.537     5.0994  75.125178     0.3395     0.1448    10.8867 2.9274e-05  0.000e+00
       4910    149.484     5.0998  75.065731     0.2910     0.1629    10.8882 2.9274e-05  0.000e+00
       4911    149.496     5.1000  75.065731     0.2910     0.1448    10.8830 1.4875e-04  0.000e+00
       4912    149.547     5.1003  75.125178     0.3395     0.1267    10.8862 2.9274e-05  0.000e+00
       4913    149.635     5.1003  75.065732     0.2910     0.1629    10.8818 7.4059e-05  0.000e+00
       4914    149.741     5.1001  75.095456     0.3395     0.1629    10.8755 5.9128e-05  0.000e+00
       4915    149.853     5.0999  75.125181     0.2910     0.1629    10.8685 1.0000e-12  0.000e+00
       4916    149.935     5.0994  75.095458     0.2910     0.1267    10.8678 4.4200e-05  0.000e+00
       4917    149.964     5.0993  75.065735     0.3395     0.1448    10.8729 1.3381e-04  0.000e+00
       4918    149.894     5.0994  75.125181     0.2910     0.1629    10.8760 2.9274e-05  0.000e+00
       4919    149.718     5.0995  75.095456     0.2910     0.1448    10.8810 2.9274e-05  0.000e+00
       4920    149.474     5.0996  75.065731     0.2910     0.1448    10.8767 4.4200e-05  0.000e+00
       4921    149.201     5.1000  75.095453     0.3395     0.1267    10.8833 5.9128e-05  0.000e+00
       4922    148.927     5.1006  75.125174     0.2910     0.1448    10.8815 1.0393e-04  0.000e+00
       4923    148.639     5.1014  75.065725     0.2425     0.1448    10.8890 1.9360e-04  0.000e+00
       4924    148.358     5.1020  75.065723     0.3395     0.1629    10.8748 1.0000e-12  0.000e+00
       4925    148.101     5.1023  75.125167     0.2910     0.1629    10.8765 2.9274e-05  0.000e+00
       4926    147.841     5.1027  75.125165     0.2910     0.1629    10.8788 1.3381e-04  0.000e+00
       4927    147.579     5.1031  75.095440     0.2910     0.1629    10.8742 7.4059e-05  0.000e+00
       4928    147.313     5.1035  75.125162     0.3395     0.1448    10.8733 2.9274e-05  0.000e+00
       4929    147.059     5.1039  75.095436     0.2910     0.1448    10.8756 4.4200e-05  0.000e+00
       4930    146.801     5.1045  75.184604     0.3395     0.1629    10.8778 5.9128e-05  0.000e+00
       4931    146.540     5.1050  75.125156     0.3395     0.1267    10.8775 8.8992e-05  0.000e+00
       4932    146.263     5.1056  75.095430     0.2910     0.1448    10.8828 1.3381e-04  0.000e+00
       4933    145.998     5.1062  75.125151     0.3395     0.1448    10.8774 7.4059e-05  0.000e+00
       4934    145.725     5.1068  75.125149     0.3395     0.1267    10.8708 1.0000e-12  0.000e+00
       4935    145.453     5.1073  75.154871     0.3395     0.1267    10.8818 7.4059e-05  0.000e+00
       4936    145.171     5.1077  75.184592     0.3395     0.1448    10.8765 7.4059e-05  0.000e+00
       4937    144.903     5.1081  75.154866     0.3395     0.1448    10.8699 1.3381e-04  0.000e+00
       4938    144.630     5.1086  75.125141     0.3395     0.1448    10.8729 2.9274e-05  0.000e+00
       4939    144.361     5.1089  75.125139     0.2425     0.1448    10.8752 4.4200e-05  0.000e+00
       4940    144.085     5.1093  75.095414     0.2910     0.1448    10.8750 7.4059e-05  0.000e+00
       4941    143.827     5.1095  75.125135     0.3395     0.1448    10.8773 4.4200e-05  0.000e+00
       4942    143.569     5.1098  75.095410     0.2910     0.1448    10.8683 5.9128e-05  0.000e+00
       4943    143.311     5.1101  75.184578     0.2910     0.1448    10.8684 2.9274e-05  0.000e+00
       4944    143.045     5.1104  75.125129     0.2425     0.1629    10.8680 4.4200e-05  0.000e+00
       4945    142.798     5.1107  75.095404     0.3395     0.1448    10.8724 2.9274e-05  0.000e+00
       4946    142.549     5.1110  75.125125     0.3395     0.1629    10.8620 2.9274e-05  0.000e+00
       4947    142.288     5.1110  75.065677     0.3395     0.1267    10.8737 1.3381e-04  0.000e+00
       4948    142.020     5.1114  75.095398     0.2910     0.1267    10.8882 2.9274e-05  0.000e+00
       4949    141.761     5.1115  75.184566     0.3395     0.1448    10.8846 8.8992e-05  0.000e+00
       4950    141.504     5.1118  75.154841     0.3395     0.1629    10.8888 1.1887e-04  0.000e+00
       4951    141.238     5.1120  75.125116     0.2910     0.1448    10.8877 1.0000e-12  0.000e+00
       4952    140.970     5.1124  75.184560     0.2910     0.1448    10.8909 8.8992e-05  0.000e+00
       4953    140.708     5.1127  75.154835     0.3395     0.1448    10.8868 1.1887e-04  0.000e+00
       4954    140.462     5.1132  75.125110     0.2910     0.1629    10.8856 2.9274e-05  0.000e+00
       4955    140.199     5.1137  75.154831     0.2910     0.1629    10.8749 2.9274e-05  0.000e+00
       4956    139.928     5.1142  75.125106     0.3395     0.1448    10.8714 7.4059e-05  0.000e+00
       4957    139.658     5.1147  75.125104     0.3395     0.1448    10.8700 1.0000e-12  0.000e+00
       4958    139.411     5.1153  75.095379     0.2425     0.1448    10.8648 4.4200e-05  0.000e+00
       4959    139.153     5.1158  75.065653     0.3395     0.1448    10.8646 2.9274e-05  0.000e+00
       4960    138.888     5.1163  75.125098     0.2910     0.1448    10.8677 7.4059e-05  0.000e+00
