Data/MON10_13Aug2015051.cnv
* Sea-Bird SBE19plus Data File:
* FileName = C:\Users\User\Desktop\WorkingFolder\HEX\MON10_13Aug2015051.hex
* Software Version 1.59
* Temperature SN =  7506
* Conductivity SN =  7506
* System UpLoad Time = Aug 13 2015 16:19:05
* ds
* SBE 19plus V 2.5.2  SERIAL NO. 7506    13 Aug 2015 16:14:43
# nquan = 9
# nvalues = 5605                                  
# units = specified
# name 0 = scan: Scan Count
# name 1 = prdM: Pressure, Strain Gauge [db]
# name 2 = tv290C: Temperature [ITS-90, deg C]
# name 3 = c0uS/cm: Conductivity [uS/cm]
# name 4 = turbWETntu0: Turbidity, WET Labs ECO [NTU]
# name 5 = flECO-AFL: Fluorescence, WET Labs ECO-AFL/FL [mg/m^3]
# name 6 = sbeox0Mg/L: Oxygen, SBE 43 [mg/l]
# name 7 = par: PAR/Irradiance, Biospherical/Licor
# name 8 = flag:  0.000e+00
# span 0 =          1,       5605                 
# span 1 =     -0.223,    187.370                 
# span 2 =     5.0751,    20.2271                 
# span 3 =   0.571923, 103.644154                 
# span 4 =    -6.0140,    73.0410                 
# span 5 =    -2.1901,     6.2264                 
# span 6 =     4.9533,    12.4132                 
# span 7 = 1.0000e-12, 4.1976e+03                 
# span 8 = 0.0000e+00, 0.0000e+00                 
# interval = seconds: 0.25
# start_time = Aug 11 2015 10:57:33 [Instrument's time stamp, header]
# bad_flag = -9.990e-29
*END*
[from data line 5441]
       5442     32.286     6.9061  78.958513     0.2910     0.3982    11.3627 5.2437e+00  0.000e+00
       5443     32.054     6.9290  78.958505     0.2910     0.3982    11.3869 5.4091e+00  0.000e+00
       5444     31.811     6.9584  79.136868     0.3395     0.5792    11.4039 5.6176e+00  0.000e+00
       5445     31.584     6.9956  79.196315     0.3880     0.4706    11.4154 5.7925e+00  0.000e+00
       5446     31.374     7.0446  79.285487     0.3395     0.4706    11.4248 5.9548e+00  0.000e+00
       5447     31.163     7.0842  79.315205     0.2910     0.4887    11.4508 6.0878e+00  0.000e+00
       5448     30.950     7.1167  79.404382     0.3395     0.5249    11.4657 6.2304e+00  0.000e+00
       5449     30.723     7.1518  79.344913     0.2910     0.5068    11.4771 6.4127e+00  0.000e+00
       5450     30.498     7.1732  79.493552     0.3395     0.5249    11.5039 6.6498e+00  0.000e+00
       5451     30.279     7.2075  79.553001     0.3395     0.5973    11.5182 6.8357e+00  0.000e+00
       5452     30.061     7.2396  79.552991     0.3395     0.5430    11.5367 7.0668e+00  0.000e+00
       5453     29.847     7.2652  79.612441     0.3395     0.5973    11.5530 7.2810e+00  0.000e+00
       5454     29.615     7.2927  79.612433     0.3395     0.6335    11.5562 7.5083e+00  0.000e+00
       5455     29.386     7.3117  79.731344     0.3880     0.5973    11.5644 7.7812e+00  0.000e+00
       5456     29.169     7.3397  79.731336     0.3395     0.5792    11.5804 7.9884e+00  0.000e+00
       5457     28.956     7.3653  79.731327     0.3395     0.6154    11.5890 8.2566e+00  0.000e+00
       5458     28.739     7.3863  79.790780     0.3395     0.6154    11.6057 8.5473e+00  0.000e+00
       5459     28.502     7.4081  79.790772     0.3395     0.5973    11.6111 8.8215e+00  0.000e+00
       5460     28.274     7.4248  79.820496     0.3395     0.5973    11.6249 9.1368e+00  0.000e+00
       5461     28.057     7.4458  79.879949     0.3395     0.6335    11.6198 9.4130e+00  0.000e+00
       5462     27.839     7.4693  79.879941     0.3880     0.7059    11.6130 9.7613e+00  0.000e+00
       5463     27.616     7.4952  79.879932     0.2910     0.6516    11.6190 1.0099e+01  0.000e+00
       5464     27.386     7.5239  79.939383     0.3395     0.6516    11.6202 1.0426e+01  0.000e+00
       5465     27.165     7.5462  79.969106     0.2910     0.6516    11.6091 1.0796e+01  0.000e+00
       5466     26.968     7.5799  79.998826     0.2425     0.7240    11.6101 1.1091e+01  0.000e+00
       5467     26.768     7.6155  80.058275     0.3395     0.7240    11.6073 1.1493e+01  0.000e+00
       5468     26.566     7.6480  80.117726     0.2910     0.7240    11.6066 1.1846e+01  0.000e+00
       5469     26.353     7.6906  80.117713     0.3395     0.7602    11.6019 1.2227e+01  0.000e+00
       5470     26.140     7.7257  80.206893     0.3880     0.7421    11.6017 1.2683e+01  0.000e+00
       5471     25.951     7.7678  80.266341     0.3880     0.7602    11.5970 1.2870e+01  0.000e+00
       5472     25.764     7.8141  80.266328     0.3880     0.7783    11.5965 1.3193e+01  0.000e+00
       5473     25.573     7.8500  80.444701     0.4365     0.7602    11.6106 1.3692e+01  0.000e+00
       5474     25.379     7.9022  80.474416     0.3395     0.7602    11.6067 1.4097e+01  0.000e+00
       5475     25.174     7.9515  80.474402     0.3395     0.8145    11.6026 1.4612e+01  0.000e+00
       5476     24.991     7.9838  80.563585     0.3395     0.8326    11.6248 1.5137e+01  0.000e+00
       5477     24.808     8.0193  80.533843     0.3395     0.8507    11.6224 1.5555e+01  0.000e+00
       5478     24.637     8.0451  80.652759     0.3395     0.9050    11.6461 1.6114e+01  0.000e+00
       5479     24.454     8.0680  80.652751     0.3395     0.9050    11.6589 1.6558e+01  0.000e+00
       5480     24.271     8.1036  80.712203     0.3395     0.9412    11.6574 1.7166e+01  0.000e+00
       5481     24.096     8.1280  80.801389     0.3395     0.9412    11.6722 1.7764e+01  0.000e+00
       5482     23.925     8.1652  80.801377     0.3880     0.9955    11.6784 1.8321e+01  0.000e+00
       5483     23.752     8.1970  80.801368     0.3880     0.9955    11.6829 1.8939e+01  0.000e+00
       5484     23.577     8.2289  80.979746     0.3880     0.9774    11.6833 1.9560e+01  0.000e+00
       5485     23.382     8.2895  80.979729     0.3880     1.0317    11.6857 2.0292e+01  0.000e+00
       5486     23.169     8.3399  81.187835     0.4365     1.0136    11.6892 2.1255e+01  0.000e+00
       5487     22.966     8.4130  81.306742     0.3880     1.0136    11.6965 2.2038e+01  0.000e+00
       5488     22.768     8.4964  81.366183     0.3880     1.0317    11.7152 2.2978e+01  0.000e+00
       5489     22.585     8.5741  81.514821     0.3880     0.9955    11.7405 2.3853e+01  0.000e+00
       5490     22.391     8.6578  81.574262     0.3395     1.0860    11.7681 2.4810e+01  0.000e+00
       5491     22.185     8.7195  81.752639     0.4365     1.0498    11.8068 2.6047e+01  0.000e+00
       5492     21.995     8.8042  81.901279     0.4365     1.0679    11.8417 2.7019e+01  0.000e+00
       5493     21.817     8.9055  82.020182     0.3880     1.1403    11.8705 2.8052e+01  0.000e+00
       5494     21.635     8.9766  81.990429     0.4850     1.1041    11.9121 2.9238e+01  0.000e+00
       5495     21.451     9.0381  82.168810     0.5335     1.1222    11.9531 2.9842e+01  0.000e+00
       5496     21.237     9.1025  82.228257     0.4365     1.1222    11.9904 3.1164e+01  0.000e+00
       5497     21.014     9.1696  82.495839     0.4850     1.1403    12.0234 3.3105e+01  0.000e+00
       5498     20.811     9.2785  82.644477     0.4850     1.1222    12.0363 3.4723e+01  0.000e+00
       5499     20.609     9.3806  82.733650     0.5335     1.2127    12.0597 3.6388e+01  0.000e+00
       5500     20.411     9.4798  83.090433     0.5820     1.1946    12.0741 3.8369e+01  0.000e+00
       5501     20.187     9.6291  83.090391     0.5335     1.2670    12.0604 4.0173e+01  0.000e+00
       5502     19.940     9.7549  83.833733     0.5335     1.2127    12.0824 4.3028e+01  0.000e+00
       5503     19.718     9.9901  84.606808     0.5820     1.2851    12.0649 4.5529e+01  0.000e+00
       5504     19.511    10.3354  84.785133     0.5335     1.2851    12.0609 4.7610e+01  0.000e+00
       5505     19.319    10.6351  85.260847     0.5820     1.4118    12.1286 5.0191e+01  0.000e+00
       5506     19.136    10.8710  85.260780     0.6305     1.3394    12.2257 5.2393e+01  0.000e+00
       5507     18.913    11.0341  85.230995     0.6305     1.3213    12.3218 5.5311e+01  0.000e+00
       5508     18.624    11.1563  86.242064     0.5820     1.2851    12.4132 5.9921e+01  0.000e+00
       5509     18.361    11.4369  86.866514     0.5820     1.2127    12.3999 6.3771e+01  0.000e+00
       5510     18.137    11.7782  87.163819     0.5820     1.2127    12.3715 6.6661e+01  0.000e+00
       5511     17.905    12.0501  87.312443     0.5820     1.2670    12.3684 7.0844e+01  0.000e+00
       5512     17.679    12.2583  87.609790     0.5820     1.1765    12.3403 7.4775e+01  0.000e+00
       5513     17.450    12.4512  87.936888     0.6305     1.1222    12.2655 7.8383e+01  0.000e+00
       5514     17.185    12.6160  88.085547     0.6305     1.0679    12.1866 8.3727e+01  0.000e+00
       5515     16.897    12.7870  88.888540     0.5820     1.0860    12.0829 8.9655e+01  0.000e+00
       5516     16.670    13.0415  89.334613     0.6305     1.0498    11.9349 9.3634e+01  0.000e+00
       5517     16.445    13.2917  89.275052     0.5335     1.1222    11.8123 9.8325e+01  0.000e+00
       5518     16.225    13.4592  89.542694     0.5335     1.0679    11.7004 9.5061e+01  0.000e+00
       5519     16.018    13.5946  89.721117     0.5820     1.0498    11.5903 1.1046e+02  0.000e+00
       5520     15.784    13.7155  89.959034     0.5335     1.0317    11.4657 1.0374e+02  0.000e+00
       5521     15.505    13.8337  90.434915     0.5335     1.0136    11.3653 1.1581e+02  0.000e+00
       5522     15.248    14.0002  91.119015     0.5335     0.9593    11.2465 1.2241e+02  0.000e+00
       5523     15.052    14.2304  91.237930     0.5335     0.9231    11.1288 1.2656e+02  0.000e+00
       5524     14.859    14.4222  91.297364     0.5335     0.8507    11.0432 1.3206e+02  0.000e+00
       5525     14.661    14.5491  91.743526     0.5335     0.8326    10.9853 1.3730e+02  0.000e+00
       5526     14.448    14.6874  91.624495     0.5820     0.8326    10.8936 1.4223e+02  0.000e+00
       5527     14.171    14.7575  92.100428     0.5335     0.8145    10.8149 1.4988e+02  0.000e+00
       5528     13.874    14.8805  92.754847     0.5335     0.7602    10.6994 1.5875e+02  0.000e+00
       5529     13.642    15.0939  93.290262     0.4850     0.7783    10.5478 1.6556e+02  0.000e+00
       5530     13.425    15.3342  93.290187     0.4850     0.7421    10.4131 1.7288e+02  0.000e+00
       5531     13.213    15.5034  93.409131     0.4850     0.7059    10.3098 1.7868e+02  0.000e+00
       5532     13.007    15.6145  93.468595     1.0185     0.7964    10.1948 1.8439e+02  0.000e+00
       5533     12.766    15.6807  93.498322     0.4850     0.7602    10.0860 1.9062e+02  0.000e+00
       5534     12.480    15.7519  94.242052     0.5335     0.7059     9.9857 2.0218e+02  0.000e+00
       5535     12.243    15.9413  95.045278     0.4850     0.6335     9.8715 2.1260e+02  0.000e+00
       5536     12.037    16.2143  95.164200     0.4850     0.6516     9.7856 2.1775e+02  0.000e+00
       5537     11.821    16.4201  95.312895     0.5335     0.5611     9.7596 2.2467e+02  0.000e+00
       5538     11.597    16.5770  95.818640     0.4365     0.5611     9.7746 2.3369e+02  0.000e+00
       5539     11.340    16.7510  95.759077     0.4365     0.5611     9.7650 2.4384e+02  0.000e+00
       5540     11.043    16.8665  96.354106     0.4850     0.5430     9.7849 2.5709e+02  0.000e+00
       5541     10.777    17.0101  96.681353     0.4365     0.5430     9.7923 2.6783e+02  0.000e+00
       5542     10.559    17.1654  96.770565     0.3880     0.4887     9.7722 2.7224e+02  0.000e+00
       5543     10.336    17.2893  96.770524     0.4365     0.4887     9.7399 2.7809e+02  0.000e+00
       5544     10.123    17.3618  96.889517     0.4365     0.4525     9.6815 2.9074e+02  0.000e+00
       5545      9.888    17.4184  96.978761     0.4365     0.4706     9.5933 2.9855e+02  0.000e+00
       5546      9.598    17.4611  97.157274     0.4365     0.4163     9.5023 3.1147e+02  0.000e+00
       5547      9.334    17.5255  97.603580     0.3880     0.4163     9.4280 3.2966e+02  0.000e+00
       5548      9.124    17.6501  97.752317     0.4365     0.3620     9.3519 3.4181e+02  0.000e+00
       5549      8.907    17.7524  97.663016     0.4365     0.3801     9.3160 3.4689e+02  0.000e+00
       5550      8.682    17.8111  97.930798     0.4365     0.3439     9.2983 3.5379e+02  0.000e+00
       5551      8.441    17.8773  97.930774     0.4365     0.3439     9.2640 3.6606e+02  0.000e+00
       5552      8.159    17.9357  98.525884     0.4365     0.3258     9.2485 3.8921e+02  0.000e+00
       5553      7.903    18.0577  99.061475     0.4365     0.3077     9.2246 4.0320e+02  0.000e+00
       5554      7.682    18.2288  99.239965     0.4365     0.2896     9.2068 4.2035e+02  0.000e+00
       5555      7.453    18.3684  99.180402     0.4365     0.3258     9.2091 4.2272e+02  0.000e+00
       5556      7.235    18.4544  99.507711     0.4850     0.3077     9.2101 4.2908e+02  0.000e+00
       5557      7.012    18.5458  99.596955     0.4365     0.3258     9.1721 4.6105e+02  0.000e+00
       5558      6.731    18.6271  99.834996     0.4850     0.2534     9.1253 4.8848e+02  0.000e+00
       5559      6.459    18.7100 100.370633     0.3880     0.2353     9.0809 5.1474e+02  0.000e+00
       5560      6.251    18.8394 100.489628     0.3880     0.2534     9.0168 5.2038e+02  0.000e+00
       5561      6.030    18.9480 100.370551     0.3880     0.2353     8.9638 5.5778e+02  0.000e+00
       5562      5.799    19.0038 100.549089     0.4365     0.2353     8.9232 5.5994e+02  0.000e+00
       5563      5.573    19.0519 100.697872     0.3395     0.2715     8.8743 5.7147e+02  0.000e+00
       5564      5.304    19.1051 100.906174     0.3880     0.2353     8.8376 6.3746e+02  0.000e+00
       5565      5.029    19.1664 101.352562     0.4365     0.2353     8.8180 6.4343e+02  0.000e+00
       5566      4.831    19.2767 101.501330     0.4365     0.2715     8.7874 6.5748e+02  0.000e+00
       5567      4.631    19.3832 101.352487     0.3880     0.2534     8.7775 6.9417e+02  0.000e+00
       5568      4.406    19.4315 101.560798     0.3880     0.2172     8.7763 7.6742e+02  0.000e+00
       5569      4.199    19.4746 101.679827     0.4365     0.2353     8.7583 7.6715e+02  0.000e+00
       5570      3.949    19.5188 101.650049     0.3880     0.2172     8.7376 7.7012e+02  0.000e+00
       5571      3.665    19.5568 101.888127     0.5335     0.1991     8.7296 8.0400e+02  0.000e+00
       5572      3.467    19.6110 101.947631     0.3880     0.1810     8.7130 7.9417e+02  0.000e+00
       5573      3.284    19.6594 102.007137     0.4365     0.1991     8.7037 9.3022e+02  0.000e+00
       5574      3.046    19.6877 101.888077     0.3880     0.2172     8.6951 9.0921e+02  0.000e+00
       5575      2.823    19.6986 102.007119     0.2910     0.2172     8.6750 1.0415e+03  0.000e+00
       5576      2.575    19.7109 102.007113     0.4850     0.1810     8.6680 1.0201e+03  0.000e+00
       5577      2.274    19.7189 102.007107     0.3395     0.1086     8.6599 1.2986e+03  0.000e+00
       5578      2.043    19.7314 102.096387     0.3395     0.2534     8.6536 1.2852e+03  0.000e+00
       5579      1.840    19.7464 102.066618     0.3395     0.1629     8.6522 1.1258e+03  0.000e+00
       5580      1.597    19.7567 102.066612     0.2425     0.2353     8.6610 1.3249e+03  0.000e+00
       5581      1.375    19.7603 102.036847     0.5820     0.2172     8.6739 1.8247e+03  0.000e+00
       5582      1.119    19.7649 102.126129     0.1940     0.1629     8.6945 1.4706e+03  0.000e+00
       5583      0.809    19.7696 102.155887     0.3880     0.1086     8.7062 1.7521e+03  0.000e+00
       5584      0.569    19.7847 102.215404    -0.4850     0.2172     8.7147 1.3564e+03  0.000e+00
       5585      0.348    19.8036 102.155871    -6.0140    -0.7240     8.7254 2.0726e+03  0.000e+00
       5586      0.207    19.8132 102.185629    -0.2425     2.0815     8.7338 2.0563e+03  0.000e+00
       5587      0.205    19.8211 102.334438    -0.1940     2.0453     8.7381 2.0923e+03  0.000e+00
       5588      0.202    19.8421 102.393956    -2.8615     1.2670     8.7387 2.1982e+03  0.000e+00
       5589      0.167    19.8662 102.334423    -2.6190    -0.3801     8.7429 2.2593e+03  0.000e+00
       5590      0.141    19.8736 102.334420     3.5890     6.2264     8.7320 2.1317e+03  0.000e+00
       5591      0.190    19.8720 102.274896    73.0410    -1.2127     8.7378 2.1832e+03  0.000e+00
       5592      0.210    19.8686 102.334422    -0.1455     0.7059     8.7313 1.2376e+03  0.000e+00
       5593      0.208    19.8662 102.274898     0.4365     0.0724     8.7487 1.8473e+03  0.000e+00
       5594      0.116    19.8650 102.334423     8.9725     4.8327     8.7493 3.2829e+03  0.000e+00
       5595     -0.005    19.8658 102.393946    25.8505     6.1359     8.7402 5.2627e+02  0.000e+00
       5596     -0.059    19.8865 102.661804    20.2245     0.9050     8.7331 5.3985e+02  0.000e+00
       5597     -0.072    19.9618 102.989174     1.0185    -0.2896     8.7201 6.2132e+02  0.000e+00
       5598     -0.094    20.0540 103.108197     0.0000     0.0362     8.7050 6.0304e+02  0.000e+00
       5599     -0.132    20.1326 103.137934     0.0000     0.0362     8.6634 8.6314e+02  0.000e+00
       5600     -0.197    20.1975 103.048621     0.0000     0.0362     8.5830 7.1559e+02  0.000e+00
