Data/MON10_13Aug2015052.cnv
* Sea-Bird SBE19plus Data File:
* FileName = C:\Users\User\Desktop\WorkingFolder\HEX\MON10_13Aug2015052.hex
* Software Version 1.59
* Temperature SN =  7506
* Conductivity SN =  7506
* System UpLoad Time = Aug 13 2015 16:21:58
* ds
* SBE 19plus V 2.5.2  SERIAL NO. 7506    13 Aug 2015 16:14:43
# nquan = 9
# nvalues = 1708                                  
# units = specified
# name 0 = scan: Scan Count
# name 1 = prdM: Pressure, Strain Gauge [db]
# name 2 = tv290C: Temperature [ITS-90, deg C]
# name 3 = c0uS/cm: Conductivity [uS/cm]
# name 4 = turbWETntu0: Turbidity, WET Labs ECO [NTU]
# name 5 = flECO-AFL: Fluorescence, WET Labs ECO-AFL/FL [mg/m^3]
# name 6 = sbeox0Mg/L: Oxygen, SBE 43 [mg/l]
# name 7 = par: PAR/Irradiance, Biospherical/Licor
# name 8 = flag:  0.000e+00
# span 0 =          1,       1708                 
# span 1 =     -0.648,     37.181                 
# span 2 =    12.5436,    19.6221                 
# span 3 =   1.785928,  86.566696                 
# span 4 =   -11.3490,    18.2360                 
# span 5 =    -3.0951,     8.3984                 
# span 6 =     5.5706,    10.4521                 
# span 7 = 1.0000e-12, 3.4183e+03                 
# span 8 = 0.0000e+00, 0.0000e+00                 
# interval = seconds: 0.25
# start_time = Aug 12 2015 09:31:04 [Instrument's time stamp, header]
# bad_flag = -9.990e-29
*END*
[from data line 801]
        802     14.485    13.5179  51.833767     6.9355     0.3801     8.7751 1.5649e+01  0.000e+00
        803     14.572    13.5154  51.774394     6.4505     0.3801     8.7747 1.4804e+01  0.000e+00
        804     14.642    13.5117  51.893143     6.1110     0.3439     8.7674 1.4209e+01  0.000e+00
        805     14.710    13.5088  51.833770     6.2080     0.3620     8.7690 1.3692e+01  0.000e+00
        806     14.770    13.5068  51.833771     6.4990     0.3439     8.7646 1.3144e+01  0.000e+00
        807     14.816    13.5046  51.804084     6.2080     0.3258     8.7630 1.2798e+01  0.000e+00
        808     14.858    13.5025  51.863459     6.1110     0.3439     8.7464 1.2513e+01  0.000e+00
        809     14.931    13.5025  51.744711     6.7415     0.3620     8.7330 1.1934e+01  0.000e+00
        810     15.018    13.5006  51.477532     7.1780     0.3439     8.7222 1.1225e+01  0.000e+00
        811     15.092    13.4956  51.536906     6.8385     0.3620     8.7096 1.0728e+01  0.000e+00
        812     15.146    13.4910  51.477534     6.4020     0.3620     8.6974 1.0399e+01  0.000e+00
        813     15.185    13.4883  51.536908     6.3050     0.3439     8.6947 1.0182e+01  0.000e+00
        814     15.217    13.4879  51.536908     6.4020     0.3258     8.6909 9.9499e+00  0.000e+00
        815     15.250    13.4884  51.566595     6.4020     0.3258     8.6934 9.7699e+00  0.000e+00
        816     15.266    13.4884  51.596282     6.0625     0.3077     8.7060 9.6580e+00  0.000e+00
        817     15.261    13.4882  51.536908     5.6745     0.3258     8.7093 9.7388e+00  0.000e+00
        818     15.249    13.4915  51.625968     5.5290     0.3077     8.7066 9.8307e+00  0.000e+00
        819     15.251    13.5005  51.625966     5.6745     0.3077     8.7055 9.7233e+00  0.000e+00
        820     15.264    13.5103  51.625965     5.9655     0.3077     8.7028 9.6597e+00  0.000e+00
        821     15.268    13.5125  51.625964     5.7715     0.3077     8.7064 9.6683e+00  0.000e+00
        822     15.265    13.5103  51.596278     5.8685     0.3077     8.7117 9.6820e+00  0.000e+00
        823     15.261    13.5065  51.566592     5.6260     0.3439     8.7157 9.6992e+00  0.000e+00
        824     15.255    13.5010  51.566593     5.6745     0.3620     8.7230 9.7543e+00  0.000e+00
        825     15.272    13.4988  51.596280     5.7715     0.3077     8.7238 9.5932e+00  0.000e+00
        826     15.334    13.4983  51.536907     7.2750     0.3439     8.7215 9.3365e+00  0.000e+00
        827     15.402    13.4942  51.536908     7.2265     0.3439     8.7122 8.8686e+00  0.000e+00
        828     15.462    13.4882  51.566596     7.0810     0.3258     8.7084 8.5929e+00  0.000e+00
        829     15.552    13.4846  51.685344     7.4690     0.3439     8.7081 8.1677e+00  0.000e+00
        830     15.651    13.4822  52.011902     7.2750     0.3258     8.7006 7.5163e+00  0.000e+00
        831     15.695    13.4784  52.011903     6.0625     0.3439     8.6990 7.2616e+00  0.000e+00
        832     15.696    13.4757  51.952529     5.6745     0.3077     8.6993 7.3643e+00  0.000e+00
        833     15.729    13.4765  51.922842     5.9655     0.3077     8.6997 7.2681e+00  0.000e+00
        834     15.833    13.4812  51.952529     7.0325     0.3258     8.6938 6.7008e+00  0.000e+00
        835     15.943    13.4815  51.982216     7.1295     0.3258     8.6945 6.1939e+00  0.000e+00
        836     16.037    13.4765  51.893156     6.5960     0.3077     8.6902 5.8454e+00  0.000e+00
        837     16.126    13.4725  51.833783     6.4990     0.3077     8.6842 5.5085e+00  0.000e+00
        838     16.196    13.4701  51.922845     6.1595     0.3258     8.6803 5.2157e+00  0.000e+00
        839     16.244    13.4684  51.833785     5.7230     0.3077     8.6698 5.1197e+00  0.000e+00
        840     16.287    13.4676  51.893159     6.3050     0.3258     8.6524 4.9666e+00  0.000e+00
        841     16.354    13.4683  51.863472     6.5475     0.3077     8.6444 4.7462e+00  0.000e+00
        842     16.440    13.4675  51.893160     6.8870     0.3258     8.6402 4.4764e+00  0.000e+00
        843     16.532    13.4650  51.833787     6.8870     0.3439     8.6354 4.2067e+00  0.000e+00
        844     16.618    13.4620  51.833787     6.6930     0.3439     8.6446 3.9957e+00  0.000e+00
        845     16.697    13.4590  51.804101     6.2565     0.3258     8.6476 3.8142e+00  0.000e+00
        846     16.770    13.4559  51.922850     6.0140     0.3258     8.6602 3.6329e+00  0.000e+00
        847     16.848    13.4526  51.952539     6.2080     0.3439     8.6728 3.4426e+00  0.000e+00
        848     16.935    13.4479  51.952540     6.6930     0.3077     8.6854 3.2668e+00  0.000e+00
        849     17.006    13.4426  51.863480     6.4020     0.3620     8.6873 3.1285e+00  0.000e+00
        850     17.066    13.4375  51.833794     6.2565     0.3439     8.6810 3.0273e+00  0.000e+00
        851     17.133    13.4336  51.833795     6.3535     0.2896     8.6806 2.8910e+00  0.000e+00
        852     17.212    13.4318  51.774422     6.2080     0.3258     8.6699 2.7862e+00  0.000e+00
        853     17.293    13.4283  51.804109     6.5475     0.3258     8.6684 2.6740e+00  0.000e+00
        854     17.352    13.4253  51.774423     6.3050     0.3077     8.6627 2.5420e+00  0.000e+00
        855     17.387    13.4234  51.804111     6.1595     0.3077     8.6564 2.4958e+00  0.000e+00
        856     17.407    13.4229  51.804111     5.9170     0.3077     8.6496 2.4670e+00  0.000e+00
        857     17.436    13.4237  51.774424     6.0140     0.2896     8.6515 2.4327e+00  0.000e+00
        858     17.490    13.4242  51.744737     6.5960     0.3077     8.6519 2.3526e+00  0.000e+00
        859     17.567    13.4225  51.685364     7.0810     0.3077     8.6523 2.2368e+00  0.000e+00
        860     17.643    13.4180  51.536932     7.1295     0.2896     8.6602 2.1231e+00  0.000e+00
        861     17.712    13.4079  51.418188     6.9355     0.3258     8.6631 2.0371e+00  0.000e+00
        862     17.783    13.3970  51.447877     6.9355     0.3439     8.6675 1.9563e+00  0.000e+00
        863     17.853    13.3885  51.358819     6.6930     0.3439     8.6726 1.8580e+00  0.000e+00
        864     17.913    13.3825  51.358821     6.6445     0.3258     8.6716 1.7801e+00  0.000e+00
        865     17.966    13.3780  51.388508     6.8385     0.3077     8.6622 1.7354e+00  0.000e+00
        866     18.025    13.3759  51.358822     7.1295     0.3077     8.6498 1.6673e+00  0.000e+00
        867     18.101    13.3741  51.299450     7.5175     0.3077     8.6419 1.5891e+00  0.000e+00
        868     18.196    13.3715  51.299451     7.4690     0.3258     8.6394 1.4934e+00  0.000e+00
        869     18.291    13.3670  50.943221     7.5660     0.3077     8.6369 1.3930e+00  0.000e+00
        870     18.356    13.3561  50.765110     6.8385     0.2896     8.6414 1.3275e+00  0.000e+00
        871     18.402    13.3439  50.765112     6.4505     0.3077     8.6416 1.3064e+00  0.000e+00
        872     18.452    13.3365  50.765114     6.7415     0.2715     8.6476 1.2569e+00  0.000e+00
        873     18.526    13.3331  50.676058     7.1295     0.2896     8.6577 1.1882e+00  0.000e+00
        874     18.594    13.3279  50.646374     7.1295     0.3258     8.6715 1.1195e+00  0.000e+00
        875     18.639    13.3234  50.705746     7.0325     0.3077     8.6785 1.1064e+00  0.000e+00
        876     18.681    13.3204  50.676061     7.8570     0.2896     8.6870 1.0753e+00  0.000e+00
        877     18.749    13.3193  50.646377     8.2935     0.2715     8.6911 1.0171e+00  0.000e+00
        878     18.819    13.3179  50.616692     8.0510     0.3258     8.7024 9.6656e-01  0.000e+00
        879     18.879    13.3167  50.676063     7.8085     0.3077     8.7041 9.4843e-01  0.000e+00
        880     18.948    13.3154  50.616693     8.2450     0.3077     8.7062 9.2403e-01  0.000e+00
        881     19.042    13.3151  50.616693     8.5845     0.2896     8.7120 8.5145e-01  0.000e+00
        882     19.127    13.3139  50.646379     8.0995     0.2715     8.7112 7.8500e-01  0.000e+00
        883     19.187    13.3123  50.557324     7.5175     0.2896     8.7116 7.5408e-01  0.000e+00
        884     19.214    13.3104  50.527640     7.0810     0.2715     8.7173 7.2255e-01  0.000e+00
        885     19.244    13.3083  50.497955     6.9840     0.2896     8.7171 7.1746e-01  0.000e+00
        886     19.296    13.3070  50.438586     7.7115     0.2534     8.7142 6.7788e-01  0.000e+00
        887     19.362    13.3052  50.438586     8.0025     0.2896     8.7135 6.5167e-01  0.000e+00
        888     19.440    13.3027  50.349532     9.0210     0.2715     8.7089 6.1668e-01  0.000e+00
        889     19.519    13.2971  50.290164     8.7785     0.2534     8.6977 5.7566e-01  0.000e+00
        890     19.590    13.2912  50.290165     8.6330     0.2896     8.6885 5.3944e-01  0.000e+00
        891     19.647    13.2868  50.290166     8.1480     0.2896     8.6797 5.1767e-01  0.000e+00
        892     19.697    13.2835  50.230798     7.7600     0.2896     8.6773 5.0261e-01  0.000e+00
        893     19.771    13.2819  50.290168     8.1965     0.2715     8.6810 4.7432e-01  0.000e+00
        894     19.857    13.2797  50.290169     9.2635     0.2896     8.6842 4.3344e-01  0.000e+00
        895     19.931    13.2771  50.141746     8.4390     0.2715     8.6938 4.0116e-01  0.000e+00
        896     19.982    13.2722  50.230801     8.1965     0.2715     8.7018 3.9371e-01  0.000e+00
        897     20.033    13.2693  50.171433     8.2935     0.2896     8.7079 3.7702e-01  0.000e+00
        898     20.088    13.2667  50.082380     8.3905     0.2896     8.7086 3.5701e-01  0.000e+00
        899     20.145    13.2627  50.112065     8.3420     0.2896     8.7059 3.3929e-01  0.000e+00
        900     20.220    13.2599  50.082382     8.3905     0.2715     8.7031 3.1016e-01  0.000e+00
        901     20.300    13.2585  50.112067     9.4575     0.2896     8.7002 2.9159e-01  0.000e+00
        902     20.373    13.2575  50.171436     8.6330     0.2896     8.6996 2.7987e-01  0.000e+00
        903     20.419    13.2570  50.141752     8.0025     0.2896     8.7042 2.5963e-01  0.000e+00
        904     20.447    13.2575  50.112068     7.9055     0.2896     8.7091 2.5191e-01  0.000e+00
        905     20.501    13.2580  50.052699     8.8755     0.2715     8.7114 2.5002e-01  0.000e+00
        906     20.578    13.2574  50.141753     9.3605     0.2896     8.7110 2.3293e-01  0.000e+00
        907     20.655    13.2562  50.112069     8.8270     0.2715     8.7081 2.1027e-01  0.000e+00
        908     20.727    13.2555  50.052701     8.6815     0.2896     8.7045 1.8860e-01  0.000e+00
        909     20.798    13.2540  50.112070     8.8270     0.2715     8.7001 1.7953e-01  0.000e+00
        910     20.871    13.2517  50.052702     8.9240     0.2534     8.6874 1.6468e-01  0.000e+00
        911     20.944    13.2494  50.052703     8.7300     0.2896     8.6734 1.4942e-01  0.000e+00
        912     21.018    13.2470  50.052703     8.9240     0.2896     8.6730 1.4729e-01  0.000e+00
        913     21.091    13.2451  50.052704     8.8270     0.2715     8.6743 1.3607e-01  0.000e+00
        914     21.156    13.2436  49.963652     8.8270     0.2353     8.6800 1.2739e-01  0.000e+00
        915     21.215    13.2428  50.023021     8.9725     0.2896     8.6830 1.1382e-01  0.000e+00
        916     21.282    13.2414  49.963653     9.5060     0.2896     8.6889 1.0811e-01  0.000e+00
        917     21.354    13.2399  49.993337     9.6030     0.2715     8.6921 9.6438e-02  0.000e+00
        918     21.420    13.2393  49.963654     8.7785     0.2715     8.6907 8.8219e-02  0.000e+00
        919     21.474    13.2358  49.844918     8.4875     0.2534     8.6901 7.7922e-02  0.000e+00
        920     21.516    13.2284  49.844919     8.2935     0.2715     8.6804 7.5311e-02  0.000e+00
        921     21.572    13.2228  49.844920     8.7300     0.2896     8.6812 6.5571e-02  0.000e+00
        922     21.657    13.2180  49.815238     9.3605     0.2715     8.6772 6.2043e-02  0.000e+00
        923     21.746    13.2149  49.755871     9.6030     0.2715     8.6720 5.2359e-02  0.000e+00
        924     21.823    13.2110  49.637136     9.2635     0.2896     8.6771 4.3494e-02  0.000e+00
        925     21.883    13.2060  49.607454     9.0695     0.2534     8.6817 3.3421e-02  0.000e+00
        926     21.951    13.2024  49.577771     9.4575     0.2896     8.6815 3.5117e-02  0.000e+00
        927     22.040    13.1985  49.459038     9.4090     0.2534     8.6872 1.6790e-02  0.000e+00
        928     22.116    13.1943  49.429355     9.2150     0.2534     8.6890 1.5742e-02  0.000e+00
        929     22.158    13.1903  49.429356     8.5845     0.2534     8.6950 1.7131e-02  0.000e+00
        930     22.196    13.1884  49.429357     8.7300     0.2534     8.6991 5.7347e-03  0.000e+00
        931     22.268    13.1879  49.369990     9.5060     0.2715     8.7056 6.5827e-03  0.000e+00
        932     22.364    13.1869  49.429358    10.4760     0.2534     8.7141 4.2969e-03  0.000e+00
        933     22.435    13.1853  49.340308    10.0395     0.2534     8.7209 1.1887e-04  0.000e+00
        934     22.488    13.1842  49.310625     9.0695     0.2534     8.7266 2.9274e-05  0.000e+00
        935     22.545    13.1838  49.251259     9.8940     0.2534     8.7262 1.0000e-12  0.000e+00
        936     22.613    13.1830  49.280943     9.7485     0.2534     8.7288 2.9274e-05  0.000e+00
        937     22.678    13.1814  49.310627    10.3790     0.2534     8.7256 1.0000e-12  0.000e+00
        938     22.731    13.1801  49.280944     9.8940     0.2534     8.7305 5.9128e-05  0.000e+00
        939     22.783    13.1792  49.310628    10.8155     0.2353     8.7324 1.4351e-05  0.000e+00
        940     22.858    13.1791  49.310628    11.1550     0.2534     8.7338 7.4059e-05  0.000e+00
        941     22.943    13.1784  49.369995    10.6700     0.2534     8.7358 1.4351e-05  0.000e+00
        942     23.009    13.1779  49.429362     9.9425     0.2353     8.7333 1.0000e-12  0.000e+00
        943     23.059    13.1775  49.429362     9.6515     0.2715     8.7284 4.4200e-05  0.000e+00
        944     23.130    13.1777  49.340313    10.2335     0.2715     8.7192 7.4059e-05  0.000e+00
        945     23.218    13.1771  49.310630    10.0395     0.2715     8.7140 8.8992e-05  0.000e+00
        946     23.287    13.1752  49.191898    10.2335     0.2534     8.7053 7.4059e-05  0.000e+00
        947     23.333    13.1724  49.132532     9.7000     0.2534     8.7059 1.0393e-04  0.000e+00
        948     23.388    13.1699  49.132533    10.1850     0.2715     8.7079 2.9274e-05  0.000e+00
        949     23.457    13.1679  49.043485     9.7000     0.2715     8.7101 2.9274e-05  0.000e+00
        950     23.515    13.1651  49.043486     9.7970     0.2534     8.7057 1.0000e-12  0.000e+00
        951     23.575    13.1626  48.984121    10.2820     0.2534     8.7067 5.9128e-05  0.000e+00
        952     23.635    13.1606  48.984121    11.0095     0.2353     8.7089 7.4059e-05  0.000e+00
        953     23.694    13.1596  48.984122    10.5245     0.2353     8.7125 1.0000e-12  0.000e+00
        954     23.752    13.1587  48.984122    10.3790     0.2896     8.7179 5.9128e-05  0.000e+00
        955     23.814    13.1580  48.924757    10.9610     0.2353     8.7255 1.3381e-04  0.000e+00
        956     23.878    13.1572  48.924758    11.3005     0.2353     8.7324 2.9274e-05  0.000e+00
        957     23.946    13.1567  48.895075    11.3490     0.2534     8.7364 1.4351e-05  0.000e+00
        958     24.012    13.1560  48.924758    10.3790     0.2534     8.7406 1.3381e-04  0.000e+00
        959     24.076    13.1554  48.835711    10.5730     0.2534     8.7353 2.9274e-05  0.000e+00
        960     24.129    13.1544  48.806029    11.0095     0.2534     8.7373 5.9128e-05  0.000e+00
