Data/MON10_13Aug2015052.cnv
* Sea-Bird SBE19plus Data File:
* FileName = C:\Users\User\Desktop\WorkingFolder\HEX\MON10_13Aug2015052.hex
* Software Version 1.59
* Temperature SN =  7506
* Conductivity SN =  7506
* System UpLoad Time = Aug 13 2015 16:21:58
* ds
* SBE 19plus V 2.5.2  SERIAL NO. 7506    13 Aug 2015 16:14:43
# nquan = 9
# nvalues = 1708                                  
# units = specified
# name 0 = scan: Scan Count
# name 1 = prdM: Pressure, Strain Gauge [db]
# name 2 = tv290C: Temperature [ITS-90, deg C]
# name 3 = c0uS/cm: Conductivity [uS/cm]
# name 4 = turbWETntu0: Turbidity, WET Labs ECO [NTU]
# name 5 = flECO-AFL: Fluorescence, WET Labs ECO-AFL/FL [mg/m^3]
# name 6 = sbeox0Mg/L: Oxygen, SBE 43 [mg/l]
# name 7 = par: PAR/Irradiance, Biospherical/Licor
# name 8 = flag:  0.000e+00
# span 0 =          1,       1708                 
# span 1 =     -0.648,     37.181                 
# span 2 =    12.5436,    19.6221                 
# span 3 =   1.785928,  86.566696                 
# span 4 =   -11.3490,    18.2360                 
# span 5 =    -3.0951,     8.3984                 
# span 6 =     5.5706,    10.4521                 
# span 7 = 1.0000e-12, 3.4183e+03                 
# span 8 = 0.0000e+00, 0.0000e+00                 
# interval = seconds: 0.25
# start_time = Aug 12 2015 09:31:04 [Instrument's time stamp, header]
# bad_flag = -9.990e-29
*END*
[from data line 1121]
       1122     33.374    12.7093  48.449955    13.3860     0.2172     8.5497 8.8992e-05  0.000e+00
       1123     33.417    12.7073  48.449956    12.1250     0.2172     8.5350 1.4351e-05  0.000e+00
       1124     33.461    12.7068  48.449956    12.0280     0.1991     8.5307 1.0000e-12  0.000e+00
       1125     33.527    12.7062  48.449956    12.8040     0.2172     8.5247 1.4351e-05  0.000e+00
       1126     33.610    12.7059  48.509321    15.5685     0.2172     8.5189 1.0393e-04  0.000e+00
       1127     33.689    12.7051  48.509321    15.0350     0.2172     8.5227 2.9274e-05  0.000e+00
       1128     33.748    12.7045  48.509322    12.8040     0.2353     8.5211 4.4200e-05  0.000e+00
       1129     33.802    12.7038  48.539004    12.0765     0.2172     8.5233 4.4200e-05  0.000e+00
       1130     33.862    12.7031  48.509323    13.0465     0.2172     8.5194 1.0000e-12  0.000e+00
       1131     33.930    12.7028  48.568687    14.1620     0.1991     8.5234 1.4351e-05  0.000e+00
       1132     33.995    12.7025  48.717099    13.3860     0.2172     8.5277 4.4200e-05  0.000e+00
       1133     34.058    12.7017  48.657735    12.6585     0.1991     8.5396 8.8992e-05  0.000e+00
       1134     34.111    12.6999  48.717100    12.3190     0.1991     8.5462 1.0000e-12  0.000e+00
       1135     34.163    12.6983  48.717101    12.6585     0.1991     8.5495 2.9274e-05  0.000e+00
       1136     34.207    12.6965  48.509325    12.3190     0.2172     8.5571 2.9274e-05  0.000e+00
       1137     34.258    12.6930  48.509326    12.8525     0.2353     8.5520 1.0393e-04  0.000e+00
       1138     34.323    12.6888  48.509327    13.5315     0.2172     8.5492 1.6370e-04  0.000e+00
       1139     34.395    12.6860  48.449964    14.2105     0.1991     8.5453 1.4351e-05  0.000e+00
       1140     34.471    12.6842  48.390600    13.2890     0.2172     8.5386 1.0000e-12  0.000e+00
       1141     34.549    12.6826  48.271873    13.1920     0.2172     8.5414 1.0000e-12  0.000e+00
       1142     34.627    12.6805  48.271874    14.1135     0.1991     8.5363 1.0000e-12  0.000e+00
       1143     34.689    12.6792  48.182830    13.6285     0.1991     8.5302 1.0000e-12  0.000e+00
       1144     34.733    12.6772  48.242193    12.1735     0.2172     8.5229 1.0000e-12  0.000e+00
       1145     34.785    12.6756  48.212512    12.1250     0.2172     8.5269 8.8992e-05  0.000e+00
       1146     34.856    12.6731  48.331240    13.6770     0.1810     8.5222 1.4351e-05  0.000e+00
       1147     34.939    12.6657  48.420287    15.5685     0.2353     8.5206 4.4200e-05  0.000e+00
       1148     35.018    12.6547  48.539018    15.7625     0.2172     8.5255 4.4200e-05  0.000e+00
       1149     35.089    12.6433  48.509338    13.5800     0.2172     8.5318 1.0000e-12  0.000e+00
       1150     35.148    12.6361  48.509339    13.0465     0.2172     8.5443 7.4059e-05  0.000e+00
       1151     35.208    12.6316  48.539022    13.1435     0.2172     8.5410 1.0393e-04  0.000e+00
       1152     35.273    12.6275  48.539023    13.8710     0.2172     8.5349 4.4200e-05  0.000e+00
       1153     35.356    12.6235  48.746801    13.5800     0.2172     8.5192 1.0000e-12  0.000e+00
       1154     35.435    12.6164  48.865532    15.5685     0.2172     8.5113 4.4200e-05  0.000e+00
       1155     35.495    12.6075  48.924899    14.1620     0.2172     8.4917 8.8992e-05  0.000e+00
       1156     35.548    12.6017  48.895218    12.6100     0.2172     8.4712 7.4059e-05  0.000e+00
       1157     35.602    12.5982  48.924901    12.9010     0.1991     8.4583 1.0000e-12  0.000e+00
       1158     35.679    12.5954  48.984268    14.3560     0.2172     8.4419 4.4200e-05  0.000e+00
       1159     35.766    12.5934  48.984269    16.0050     0.2172     8.4326 7.4059e-05  0.000e+00
       1160     35.835    12.5918  48.924904    15.8595     0.1991     8.4171 7.4059e-05  0.000e+00
       1161     35.872    12.5906  49.073318    15.5200     0.2172     8.4046 1.0000e-12  0.000e+00
       1162     35.879    12.5872  49.043636    12.6585     0.2172     8.3921 7.4059e-05  0.000e+00
       1163     35.896    12.5860  49.103002    12.8040     0.1991     8.3790 2.9274e-05  0.000e+00
       1164     35.960    12.5860  49.192052    15.8110     0.2172     8.3766 7.4059e-05  0.000e+00
       1165     36.046    12.5825  49.251419    17.4115     0.1991     8.3713 1.0000e-12  0.000e+00
       1166     36.129    12.5775  49.281104    16.6840     0.2172     8.3635 5.9128e-05  0.000e+00
       1167     36.179    12.5736  49.310788    14.1620     0.1991     8.3644 4.4200e-05  0.000e+00
       1168     36.175    12.5707  49.310788    12.0280     0.1991     8.3627 1.0000e-12  0.000e+00
       1169     36.147    12.5696  49.221738    12.7555     0.2172     8.3500 7.4059e-05  0.000e+00
       1170     36.131    12.5723  49.132688    12.7555     0.2172     8.3378 1.0393e-04  0.000e+00
       1171     36.154    12.5766  49.192054    12.7070     0.2715     8.3312 4.4200e-05  0.000e+00
       1172     36.189    12.5782  49.429521    13.6285     0.2172     8.3261 5.9128e-05  0.000e+00
       1173     36.234    12.5728  49.429522    14.2590     0.1991     8.3325 7.4059e-05  0.000e+00
       1174     36.286    12.5665  49.459207    15.4715     0.2172     8.3389 2.9274e-05  0.000e+00
       1175     36.345    12.5620  49.459208    14.0650     0.1991     8.3435 2.9274e-05  0.000e+00
       1176     36.392    12.5576  49.577943    13.1435     0.2172     8.3496 1.3381e-04  0.000e+00
       1177     36.442    12.5532  49.577944    13.4345     0.2172     8.3592 1.0000e-12  0.000e+00
       1178     36.519    12.5508  49.577945    14.3560     0.2353     8.3642 2.9274e-05  0.000e+00
       1179     36.610    12.5508  49.637313    18.2360     0.2172     8.3535 1.0000e-12  0.000e+00
       1180     36.683    12.5495  49.666997    16.2960     0.2534     8.3556 1.0393e-04  0.000e+00
       1181     36.707    12.5472  49.696682    13.0465     0.2172     8.3537 7.4059e-05  0.000e+00
       1182     36.696    12.5459  49.637314    12.3675     0.2353     8.3430 1.0393e-04  0.000e+00
       1183     36.683    12.5464  49.666998    12.9495     0.1991     8.3384 1.1887e-04  0.000e+00
       1184     36.689    12.5489  49.637314    12.5130     0.2172     8.3320 1.4351e-05  0.000e+00
       1185     36.688    12.5510  49.607630    12.7070     0.1991     8.3312 1.0393e-04  0.000e+00
       1186     36.676    12.5508  49.577946    12.4645     0.2172     8.3293 1.0000e-12  0.000e+00
       1187     36.672    12.5493  49.518579    12.9980     0.1810     8.3301 1.0000e-12  0.000e+00
       1188     36.698    12.5504  49.577946    12.8525     0.2172     8.3238 2.9274e-05  0.000e+00
       1189     36.736    12.5508  49.637314    15.1320     0.2172     8.3208 1.4351e-05  0.000e+00
       1190     36.745    12.5486  49.577946    13.0950     0.2172     8.3248 2.9274e-05  0.000e+00
       1191     36.715    12.5476  49.577946    12.2705     0.1991     8.3294 5.9128e-05  0.000e+00
       1192     36.679    12.5493  49.518579    12.7070     0.2172     8.3289 5.9128e-05  0.000e+00
       1193     36.683    12.5539  49.577945    12.8040     0.2172     8.3309 5.9128e-05  0.000e+00
       1194     36.729    12.5571  49.518578    13.9195     0.1810     8.3335 1.0000e-12  0.000e+00
       1195     36.772    12.5568  49.637313    15.6170     0.2172     8.3459 2.9274e-05  0.000e+00
       1196     36.775    12.5527  49.607630    13.1920     0.1991     8.3502 2.9274e-05  0.000e+00
       1197     36.742    12.5495  49.637314    11.8825     0.2172     8.3640 8.8992e-05  0.000e+00
       1198     36.718    12.5493  49.518579    12.8040     0.1991     8.3620 1.0393e-04  0.000e+00
       1199     36.741    12.5525  49.577946    13.3860     0.1991     8.3587 1.0000e-12  0.000e+00
       1200     36.817    12.5554  49.577946    14.0650     0.2353     8.3602 2.9274e-05  0.000e+00
       1201     36.903    12.5548  49.666998    15.7140     0.2353     8.3576 1.0000e-12  0.000e+00
       1202     36.945    12.5508  49.637315    13.6285     0.1991     8.3499 5.9128e-05  0.000e+00
       1203     36.930    12.5481  49.637315    12.5615     0.1991     8.3435 4.4200e-05  0.000e+00
       1204     36.888    12.5482  49.459213    12.7555     0.1991     8.3348 1.3381e-04  0.000e+00
       1205     36.886    12.5519  49.459212    12.8525     0.2172     8.3200 1.4351e-05  0.000e+00
       1206     36.924    12.5559  49.518579    12.7555     0.2353     8.3057 1.0000e-12  0.000e+00
       1207     36.964    12.5580  49.577946    12.8525     0.1991     8.3022 7.4059e-05  0.000e+00
       1208     36.975    12.5551  49.577946    12.5130     0.1991     8.3078 7.4059e-05  0.000e+00
       1209     36.964    12.5517  49.459212    12.2705     0.2172     8.3159 7.4059e-05  0.000e+00
       1210     36.964    12.5539  49.370161    12.9495     0.1991     8.3281 2.9274e-05  0.000e+00
       1211     36.992    12.5575  49.429528    13.1920     0.2172     8.3412 1.0000e-12  0.000e+00
       1212     37.025    12.5594  49.429528    13.1435     0.2172     8.3546 4.4200e-05  0.000e+00
       1213     37.039    12.5595  49.429528    13.5315     0.2172     8.3707 2.9274e-05  0.000e+00
       1214     37.026    12.5585  49.429528    12.8525     0.2172     8.3831 1.0000e-12  0.000e+00
       1215     37.004    12.5577  49.370161    12.6100     0.2172     8.3870 2.9274e-05  0.000e+00
       1216     37.005    12.5592  49.459211    12.9010     0.2172     8.3868 1.0000e-12  0.000e+00
       1217     37.032    12.5612  49.370161    13.5800     0.2172     8.3862 2.9274e-05  0.000e+00
       1218     37.073    12.5609  49.429528    13.9680     0.1991     8.3839 4.4200e-05  0.000e+00
       1219     37.114    12.5594  49.429528    14.1620     0.2172     8.3875 7.4059e-05  0.000e+00
       1220     37.141    12.5587  49.429528    14.0650     0.1991     8.3870 2.9274e-05  0.000e+00
       1221     37.146    12.5577  49.429529    12.5130     0.2172     8.3809 1.0000e-12  0.000e+00
       1222     37.134    12.5567  49.429529    11.7855     0.1991     8.3791 1.0000e-12  0.000e+00
       1223     37.130    12.5568  49.459212    12.9980     0.2172     8.3776 2.9274e-05  0.000e+00
       1224     37.149    12.5569  49.459212    13.1435     0.1810     8.3752 1.0393e-04  0.000e+00
       1225     37.166    12.5567  49.518580    12.8040     0.2172     8.3679 1.3381e-04  0.000e+00
       1226     37.160    12.5555  49.518580    12.8040     0.1991     8.3652 5.9128e-05  0.000e+00
       1227     37.136    12.5553  49.459213    12.2220     0.2172     8.3623 1.0000e-12  0.000e+00
       1228     37.127    12.5573  49.459212    12.5615     0.2172     8.3581 4.4200e-05  0.000e+00
       1229     37.150    12.5604  49.518579    12.6585     0.2172     8.3576 7.4059e-05  0.000e+00
       1230     37.173    12.5603  49.518579    12.9495     0.1810     8.3557 4.4200e-05  0.000e+00
       1231     37.180    12.5571  49.577947    11.7370     0.2353     8.3593 2.9274e-05  0.000e+00
       1232     37.161    12.5554  49.459213    11.3490     0.2172     8.3677 5.9128e-05  0.000e+00
       1233     37.134    12.5566  49.518580    12.1735     0.1991     8.3687 8.8992e-05  0.000e+00
       1234     37.137    12.5595  49.459212    12.9495     0.2172     8.3665 1.0393e-04  0.000e+00
       1235     37.164    12.5625  49.518579    12.9495     0.1991     8.3591 7.4059e-05  0.000e+00
       1236     37.181    12.5628  49.637314    13.4345     0.2172     8.3578 7.4059e-05  0.000e+00
       1237     37.180    12.5598  49.518579    12.2705     0.1991     8.3547 8.8992e-05  0.000e+00
       1238     37.162    12.5583  49.518579    11.3490     0.1991     8.3575 5.9128e-05  0.000e+00
       1239     37.151    12.5598  49.459212    12.8040     0.2353     8.3474 2.9274e-05  0.000e+00
       1240     37.145    12.5632  49.518579    12.5615     0.1991     8.3454 1.4351e-05  0.000e+00
       1241     37.147    12.5664  49.518578    12.9010     0.2172     8.3431 1.0000e-12  0.000e+00
       1242     37.151    12.5680  49.459211    12.8525     0.2172     8.3464 1.0000e-12  0.000e+00
       1243     37.161    12.5686  49.518578    12.8525     0.1991     8.3488 2.9274e-05  0.000e+00
       1244     37.172    12.5684  49.518578    13.9195     0.1991     8.3460 5.9128e-05  0.000e+00
       1245     37.174    12.5672  49.518578    12.9495     0.1991     8.3417 1.4351e-05  0.000e+00
       1246     37.161    12.5654  49.518578    11.9795     0.2172     8.3449 8.8992e-05  0.000e+00
       1247     37.138    12.5652  49.518578    12.1250     0.2172     8.3544 1.4351e-05  0.000e+00
       1248     37.125    12.5670  49.459211    12.9980     0.2172     8.3490 1.4351e-05  0.000e+00
       1249     37.134    12.5693  49.459210    12.9980     0.1991     8.3520 1.0000e-12  0.000e+00
       1250     37.155    12.5697  49.459210    13.3860     0.1991     8.3574 8.8992e-05  0.000e+00
       1251     37.171    12.5683  49.459211    13.4830     0.1991     8.3597 8.8992e-05  0.000e+00
       1252     37.163    12.5646  49.459211    11.8340     0.1991     8.3678 1.4351e-05  0.000e+00
       1253     37.145    12.5627  49.518579    12.1250     0.1991     8.3763 1.4351e-05  0.000e+00
       1254     37.128    12.5634  49.459211    12.9495     0.2172     8.3724 1.0393e-04  0.000e+00
       1255     37.131    12.5652  49.518578    12.7555     0.1991     8.3732 2.9274e-05  0.000e+00
       1256     37.138    12.5664  49.518578    13.1920     0.2353     8.3695 1.4351e-05  0.000e+00
       1257     37.150    12.5651  49.518578    12.8040     0.2172     8.3658 7.4059e-05  0.000e+00
       1258     37.153    12.5617  49.518579    11.9795     0.2172     8.3667 7.4059e-05  0.000e+00
       1259     37.145    12.5600  49.518579    12.2220     0.2172     8.3662 1.0000e-12  0.000e+00
       1260     37.135    12.5595  49.518579    11.8825     0.2172     8.3650 2.9274e-05  0.000e+00
       1261     37.122    12.5588  49.518579    12.6100     0.1810     8.3665 1.0000e-12  0.000e+00
       1262     37.119    12.5593  49.459212    12.7070     0.1991     8.3707 4.4200e-05  0.000e+00
       1263     37.129    12.5600  49.518579    12.5130     0.1991     8.3616 5.9128e-05  0.000e+00
       1264     37.147    12.5602  49.518579    13.7740     0.2172     8.3568 7.4059e-05  0.000e+00
       1265     37.149    12.5586  49.459212    13.5800     0.1991     8.3493 1.0000e-12  0.000e+00
       1266     37.131    12.5568  49.459212    11.7370     0.2353     8.3388 4.4200e-05  0.000e+00
       1267     37.110    12.5575  49.459212    12.7555     0.1991     8.3380 5.9128e-05  0.000e+00
       1268     37.109    12.5593  49.518579    13.9195     0.2172     8.3363 1.4351e-05  0.000e+00
       1269     37.126    12.5607  49.459212    12.7555     0.1991     8.3363 1.0000e-12  0.000e+00
       1270     37.140    12.5615  49.429528    12.9980     0.1991     8.3410 5.9128e-05  0.000e+00
       1271     37.137    12.5608  49.429528    12.4160     0.2353     8.3497 1.4351e-05  0.000e+00
       1272     37.120    12.5600  49.429528    12.1250     0.2172     8.3529 2.9274e-05  0.000e+00
       1273     37.105    12.5605  49.459212    12.8525     0.2172     8.3501 1.0000e-12  0.000e+00
       1274     37.110    12.5618  49.429528    12.9010     0.2172     8.3514 1.0000e-12  0.000e+00
       1275     37.132    12.5630  49.459211    13.7740     0.2172     8.3405 1.0000e-12  0.000e+00
       1276     37.150    12.5629  49.429528    14.1135     0.1991     8.3404 1.0000e-12  0.000e+00
       1277     37.146    12.5611  49.459212    12.3675     0.1991     8.3396 4.4200e-05  0.000e+00
       1278     37.120    12.5590  49.429528    11.7370     0.2172     8.3486 7.4059e-05  0.000e+00
       1279     37.100    12.5597  49.459212    13.2405     0.1991     8.3537 1.0000e-12  0.000e+00
       1280     37.098    12.5610  49.459211    13.0950     0.1991     8.3587 7.4059e-05  0.000e+00
