Data/MON10_13Aug2015051.cnv
* Sea-Bird SBE19plus Data File:
* FileName = C:\Users\User\Desktop\WorkingFolder\HEX\MON10_13Aug2015051.hex
* Software Version 1.59
* Temperature SN =  7506
* Conductivity SN =  7506
* System UpLoad Time = Aug 13 2015 16:19:05
* ds
* SBE 19plus V 2.5.2  SERIAL NO. 7506    13 Aug 2015 16:14:43
# nquan = 9
# nvalues = 5605                                  
# units = specified
# name 0 = scan: Scan Count
# name 1 = prdM: Pressure, Strain Gauge [db]
# name 2 = tv290C: Temperature [ITS-90, deg C]
# name 3 = c0uS/cm: Conductivity [uS/cm]
# name 4 = turbWETntu0: Turbidity, WET Labs ECO [NTU]
# name 5 = flECO-AFL: Fluorescence, WET Labs ECO-AFL/FL [mg/m^3]
# name 6 = sbeox0Mg/L: Oxygen, SBE 43 [mg/l]
# name 7 = par: PAR/Irradiance, Biospherical/Licor
# name 8 = flag:  0.000e+00
# span 0 =          1,       5605                 
# span 1 =     -0.223,    187.370                 
# span 2 =     5.0751,    20.2271                 
# span 3 =   0.571923, 103.644154                 
# span 4 =    -6.0140,    73.0410                 
# span 5 =    -2.1901,     6.2264                 
# span 6 =     4.9533,    12.4132                 
# span 7 = 1.0000e-12, 4.1976e+03                 
# span 8 = 0.0000e+00, 0.0000e+00                 
# interval = seconds: 0.25
# start_time = Aug 11 2015 10:57:33 [Instrument's time stamp, header]
# bad_flag = -9.990e-29
*END*
[from data line 2721]
       2722    121.134     5.1551  75.124961     0.2910     0.1810    10.9734 1.1887e-04  0.000e+00
       2723    121.174     5.1551  75.095238     0.2910     0.1810    10.9753 1.0000e-12  0.000e+00
       2724    121.226     5.1549  75.184408     0.2910     0.1810    10.9783 1.0000e-12  0.000e+00
       2725    121.298     5.1549  75.124962     0.2910     0.1810    10.9709 4.4200e-05  0.000e+00
       2726    121.383     5.1547  75.124963     0.2910     0.1810    10.9686 1.0000e-12  0.000e+00
       2727    121.462     5.1546  75.124963     0.2910     0.1448    10.9555 5.9128e-05  0.000e+00
       2728    121.534     5.1545  75.095240     0.3395     0.1810    10.9619 1.4351e-05  0.000e+00
       2729    121.605     5.1543  75.124964     0.3395     0.1810    10.9618 1.0000e-12  0.000e+00
       2730    121.680     5.1539  75.065518     0.2910     0.1629    10.9673 1.3381e-04  0.000e+00
       2731    121.747     5.1536  75.124965     0.2910     0.1629    10.9648 1.0000e-12  0.000e+00
       2732    121.793     5.1532  75.154689     0.2910     0.1629    10.9644 2.9274e-05  0.000e+00
       2733    121.829     5.1531  75.124966     0.2910     0.1629    10.9759 4.4200e-05  0.000e+00
       2734    121.863     5.1529  75.065520     0.2910     0.1810    10.9673 7.4059e-05  0.000e+00
       2735    121.902     5.1529  75.124967     0.2910     0.1810    10.9641 2.9274e-05  0.000e+00
       2736    121.943     5.1528  75.124967     0.2910     0.1810    10.9446 1.0000e-12  0.000e+00
       2737    121.981     5.1524  75.095244     0.2910     0.1991    10.9434 1.4351e-05  0.000e+00
       2738    122.020     5.1525  75.124968     0.2910     0.1991    10.9344 4.4200e-05  0.000e+00
       2739    122.065     5.1523  75.124968     0.2910     0.1991    10.9348 1.0000e-12  0.000e+00
       2740    122.110     5.1521  75.124968     0.2910     0.1991    10.9314 5.9128e-05  0.000e+00
       2741    122.162     5.1520  75.124969     0.2910     0.1991    10.9280 1.4351e-05  0.000e+00
       2742    122.225     5.1518  75.124969     0.2910     0.1991    10.9309 7.4059e-05  0.000e+00
       2743    122.302     5.1516  75.124970     0.2910     0.1991    10.9334 1.0393e-04  0.000e+00
       2744    122.386     5.1518  75.154694     0.2910     0.1991    10.9405 1.0000e-12  0.000e+00
       2745    122.472     5.1520  75.124971     0.2910     0.1991    10.9355 2.9274e-05  0.000e+00
       2746    122.548     5.1520  75.184418     0.2910     0.1991    10.9331 1.0000e-12  0.000e+00
       2747    122.619     5.1517  75.124972     0.3395     0.1629    10.9347 1.0393e-04  0.000e+00
       2748    122.686     5.1516  75.184419     0.3395     0.1629    10.9291 1.0000e-12  0.000e+00
       2749    122.746     5.1515  75.065527     0.3395     0.1629    10.9304 2.9274e-05  0.000e+00
       2750    122.799     5.1514  75.154697     0.2910     0.1629    10.9277 7.4059e-05  0.000e+00
       2751    122.843     5.1512  75.124974     0.2910     0.1629    10.9313 2.9274e-05  0.000e+00
       2752    122.876     5.1510  75.184421     0.2910     0.1629    10.9292 5.9128e-05  0.000e+00
       2753    122.912     5.1508  75.124975     0.2910     0.1629    10.9352 1.1887e-04  0.000e+00
       2754    122.950     5.1508  75.124975     0.2910     0.1629    10.9374 1.0000e-12  0.000e+00
       2755    122.995     5.1507  75.154698     0.2910     0.1629    10.9389 7.4059e-05  0.000e+00
       2756    123.039     5.1507  75.184422     0.2910     0.1629    10.9497 7.4059e-05  0.000e+00
       2757    123.078     5.1504  75.065529     0.2910     0.1629    10.9490 7.4059e-05  0.000e+00
       2758    123.123     5.1503  75.124976     0.2910     0.1629    10.9531 2.9274e-05  0.000e+00
       2759    123.173     5.1500  75.095253     0.2910     0.1629    10.9512 1.6370e-04  0.000e+00
       2760    123.241     5.1497  75.184424     0.2910     0.1448    10.9542 7.4059e-05  0.000e+00
       2761    123.307     5.1493  75.124978     0.3395     0.1629    10.9568 8.8992e-05  0.000e+00
       2762    123.369     5.1491  75.124978     0.3395     0.1629    10.9487 5.9128e-05  0.000e+00
       2763    123.425     5.1488  75.095255     0.3395     0.1629    10.9517 1.0000e-12  0.000e+00
       2764    123.483     5.1485  75.124979     0.3395     0.1629    10.9498 4.4200e-05  0.000e+00
       2765    123.551     5.1482  75.184426     0.3395     0.1629    10.9510 7.4059e-05  0.000e+00
       2766    123.627     5.1482  75.124980     0.3395     0.1629    10.9512 8.8992e-05  0.000e+00
       2767    123.708     5.1481  75.124981     0.3395     0.1629    10.9479 1.0393e-04  0.000e+00
       2768    123.778     5.1480  75.154705     0.2425     0.1810    10.9480 2.9274e-05  0.000e+00
       2769    123.851     5.1480  75.124982     0.2910     0.1810    10.9543 1.0000e-12  0.000e+00
       2770    123.924     5.1479  75.184429     0.2910     0.1810    10.9592 1.4351e-05  0.000e+00
       2771    124.000     5.1479  75.124983     0.2910     0.1810    10.9579 7.4059e-05  0.000e+00
       2772    124.072     5.1478  75.184430     0.2910     0.1810    10.9635 1.0393e-04  0.000e+00
       2773    124.138     5.1473  75.065538     0.2910     0.1810    10.9596 2.9274e-05  0.000e+00
       2774    124.189     5.1472  75.124985     0.2910     0.1810    10.9530 4.4200e-05  0.000e+00
       2775    124.233     5.1469  75.214155     0.2910     0.1810    10.9541 7.4059e-05  0.000e+00
       2776    124.267     5.1468  75.184432     0.2910     0.1810    10.9473 8.8992e-05  0.000e+00
       2777    124.311     5.1465  75.124986     0.2425     0.1629    10.9388 1.0000e-12  0.000e+00
       2778    124.376     5.1463  75.095263     0.2910     0.1810    10.9285 2.9274e-05  0.000e+00
       2779    124.467     5.1460  75.124987     0.2910     0.1810    10.9284 7.4059e-05  0.000e+00
       2780    124.557     5.1458  75.184434     0.2910     0.1810    10.9207 1.3381e-04  0.000e+00
       2781    124.638     5.1457  75.184435     0.2910     0.1810    10.9222 4.4200e-05  0.000e+00
       2782    124.705     5.1455  75.184435     0.2910     0.1810    10.9280 2.9274e-05  0.000e+00
       2783    124.760     5.1454  75.184436     0.2910     0.1810    10.9272 7.4059e-05  0.000e+00
       2784    124.807     5.1452  75.124990     0.2910     0.1810    10.9352 1.0000e-12  0.000e+00
       2785    124.847     5.1452  75.124990     0.2910     0.1810    10.9355 4.4200e-05  0.000e+00
       2786    124.885     5.1450  75.154713     0.2910     0.1810    10.9456 1.0000e-12  0.000e+00
       2787    124.925     5.1449  75.184437     0.3395     0.1448    10.9499 4.4200e-05  0.000e+00
       2788    124.968     5.1446  75.124991     0.2910     0.1810    10.9443 1.0000e-12  0.000e+00
       2789    125.014     5.1447  75.184438     0.2910     0.1810    10.9415 4.4200e-05  0.000e+00
       2790    125.076     5.1446  75.095268     0.2910     0.1810    10.9384 1.0000e-12  0.000e+00
       2791    125.135     5.1445  75.184439     0.2910     0.1810    10.9336 1.4351e-05  0.000e+00
       2792    125.189     5.1443  75.184439     0.2910     0.1810    10.9287 1.4351e-05  0.000e+00
       2793    125.243     5.1443  75.124993     0.2910     0.1810    10.9309 7.4059e-05  0.000e+00
       2794    125.297     5.1442  75.124993     0.2910     0.1810    10.9312 4.4200e-05  0.000e+00
       2795    125.355     5.1442  75.124994     0.2910     0.1810    10.9359 7.4059e-05  0.000e+00
       2796    125.419     5.1441  75.124994     0.2910     0.1810    10.9428 4.4200e-05  0.000e+00
       2797    125.489     5.1434  75.154718     0.3395     0.1991    10.9430 5.9128e-05  0.000e+00
       2798    125.559     5.1429  75.124995     0.2425     0.2353    10.9534 8.8992e-05  0.000e+00
       2799    125.619     5.1424  75.124996     0.2425     0.2353    10.9532 2.9274e-05  0.000e+00
       2800    125.675     5.1419  75.124997     0.2425     0.2353    10.9548 2.9274e-05  0.000e+00
       2801    125.726     5.1416  75.124997     0.2425     0.2353    10.9586 1.0000e-12  0.000e+00
       2802    125.783     5.1414  75.095274     0.2425     0.2353    10.9567 2.9274e-05  0.000e+00
       2803    125.848     5.1413  75.124998     0.2425     0.2353    10.9550 1.4351e-05  0.000e+00
       2804    125.916     5.1412  75.065552     0.2425     0.2353    10.9572 1.4351e-05  0.000e+00
       2805    125.982     5.1411  75.124999     0.2425     0.2353    10.9580 4.4200e-05  0.000e+00
       2806    126.037     5.1410  75.124999     0.2425     0.2353    10.9574 1.1887e-04  0.000e+00
       2807    126.098     5.1409  75.095277     0.2910     0.1991    10.9584 8.8992e-05  0.000e+00
       2808    126.170     5.1408  75.125000     0.2425     0.1629    10.9583 1.0000e-12  0.000e+00
       2809    126.247     5.1407  75.125001     0.2425     0.1629    10.9529 1.0000e-12  0.000e+00
       2810    126.329     5.1406  75.065555     0.2425     0.1629    10.9520 2.9274e-05  0.000e+00
       2811    126.417     5.1406  75.125002     0.2425     0.1629    10.9448 5.9128e-05  0.000e+00
       2812    126.510     5.1405  75.125003     0.2425     0.1629    10.9440 4.4200e-05  0.000e+00
       2813    126.597     5.1405  75.095280     0.2425     0.1629    10.9311 1.0000e-12  0.000e+00
       2814    126.672     5.1405  75.125004     0.2425     0.1629    10.9361 5.9128e-05  0.000e+00
       2815    126.735     5.1405  75.184451     0.2425     0.1629    10.9248 5.9128e-05  0.000e+00
       2816    126.797     5.1406  75.125005     0.2425     0.1629    10.9275 7.4059e-05  0.000e+00
       2817    126.856     5.1407  75.125005     0.2910     0.1629    10.9364 1.4351e-05  0.000e+00
       2818    126.916     5.1403  75.125006     0.2910     0.1629    10.9398 7.4059e-05  0.000e+00
       2819    126.979     5.1401  75.095283     0.2910     0.1629    10.9495 1.4351e-05  0.000e+00
       2820    127.041     5.1401  75.184453     0.2910     0.1629    10.9544 1.0000e-12  0.000e+00
       2821    127.097     5.1401  75.184454     0.2910     0.1629    10.9619 4.4200e-05  0.000e+00
       2822    127.150     5.1402  75.125008     0.2910     0.1629    10.9628 2.9274e-05  0.000e+00
       2823    127.192     5.1401  75.125008     0.2910     0.1629    10.9722 2.9274e-05  0.000e+00
       2824    127.249     5.1398  75.184455     0.2910     0.1629    10.9643 4.4200e-05  0.000e+00
       2825    127.310     5.1397  75.125009     0.2910     0.1629    10.9617 1.0000e-12  0.000e+00
       2826    127.383     5.1395  75.125009     0.2910     0.1629    10.9510 1.0393e-04  0.000e+00
       2827    127.461     5.1394  75.154733     0.2910     0.1629    10.9426 1.0000e-12  0.000e+00
       2828    127.543     5.1395  75.184457     0.2425     0.1448    10.9376 4.4200e-05  0.000e+00
       2829    127.623     5.1398  75.184458     0.2425     0.1448    10.9335 5.9128e-05  0.000e+00
       2830    127.702     5.1402  75.184458     0.2425     0.1448    10.9249 4.4200e-05  0.000e+00
       2831    127.777     5.1402  75.154735     0.2910     0.1448    10.9239 1.0393e-04  0.000e+00
       2832    127.841     5.1403  75.184459     0.2910     0.1448    10.9274 1.0393e-04  0.000e+00
       2833    127.897     5.1404  75.184460     0.2910     0.1448    10.9245 2.9274e-05  0.000e+00
       2834    127.943     5.1403  75.184460     0.2910     0.1448    10.9318 7.4059e-05  0.000e+00
       2835    127.991     5.1404  75.184460     0.2910     0.1448    10.9302 8.8992e-05  0.000e+00
       2836    128.050     5.1404  75.184461     0.2910     0.1448    10.9297 2.9274e-05  0.000e+00
       2837    128.115     5.1404  75.184461     0.2910     0.1448    10.9263 7.4059e-05  0.000e+00
       2838    128.180     5.1403  75.214185     0.2910     0.1448    10.9329 2.9274e-05  0.000e+00
       2839    128.244     5.1403  75.184462     0.2910     0.1448    10.9333 1.0393e-04  0.000e+00
       2840    128.300     5.1404  75.125016     0.2910     0.1448    10.9256 2.9274e-05  0.000e+00
       2841    128.348     5.1404  75.184463     0.2910     0.1629    10.9329 7.4059e-05  0.000e+00
       2842    128.390     5.1403  75.214187     0.2425     0.1629    10.9261 1.4351e-05  0.000e+00
       2843    128.427     5.1403  75.184463     0.2425     0.1629    10.9296 1.0000e-12  0.000e+00
       2844    128.472     5.1404  75.125017     0.2425     0.1629    10.9275 2.9274e-05  0.000e+00
       2845    128.525     5.1404  75.184464     0.2425     0.1629    10.9420 1.0393e-04  0.000e+00
       2846    128.583     5.1405  75.184464     0.2425     0.1629    10.9295 1.0000e-12  0.000e+00
       2847    128.640     5.1405  75.184465     0.2425     0.1629    10.9282 7.4059e-05  0.000e+00
       2848    128.693     5.1403  75.214189     0.2425     0.1629    10.9277 5.9128e-05  0.000e+00
       2849    128.755     5.1403  75.184466     0.2425     0.1629    10.9271 1.0000e-12  0.000e+00
       2850    128.821     5.1402  75.154743     0.2425     0.1629    10.9222 7.4059e-05  0.000e+00
       2851    128.896     5.1401  75.184467     0.2910     0.1810    10.9305 2.9274e-05  0.000e+00
       2852    128.962     5.1400  75.184467     0.2910     0.1810    10.9117 1.4351e-05  0.000e+00
       2853    129.020     5.1397  75.214191     0.2910     0.1810    10.9168 4.4200e-05  0.000e+00
       2854    129.066     5.1394  75.214192     0.2910     0.1810    10.9284 1.0000e-12  0.000e+00
       2855    129.097     5.1391  75.184468     0.2910     0.1810    10.9259 1.0393e-04  0.000e+00
       2856    129.123     5.1390  75.154745     0.2910     0.1810    10.9181 1.3381e-04  0.000e+00
       2857    129.138     5.1389  75.184469     0.2910     0.1810    10.9116 7.4059e-05  0.000e+00
       2858    129.150     5.1389  75.184469     0.2910     0.1810    10.9162 1.0000e-12  0.000e+00
       2859    129.178     5.1389  75.184469     0.2910     0.1810    10.9069 7.4059e-05  0.000e+00
       2860    129.234     5.1389  75.184470     0.2910     0.1810    10.9124 1.4351e-05  0.000e+00
       2861    129.310     5.1388  75.154747     0.2910     0.1810    10.9065 7.4059e-05  0.000e+00
       2862    129.401     5.1388  75.125024     0.3395     0.1629    10.9118 1.3381e-04  0.000e+00
       2863    129.497     5.1389  75.184471     0.3395     0.1629    10.9133 7.4059e-05  0.000e+00
       2864    129.598     5.1389  75.154749     0.2425     0.1629    10.9236 7.4059e-05  0.000e+00
       2865    129.686     5.1389  75.184473     0.2425     0.1629    10.9286 2.9274e-05  0.000e+00
       2866    129.766     5.1388  75.214197     0.2425     0.1629    10.9350 8.8992e-05  0.000e+00
       2867    129.835     5.1388  75.184474     0.2425     0.1629    10.9410 1.1887e-04  0.000e+00
       2868    129.898     5.1386  75.184474     0.3880     0.1810    10.9425 1.0000e-12  0.000e+00
       2869    129.964     5.1388  75.125028     0.3880     0.1810    10.9413 7.4059e-05  0.000e+00
       2870    130.040     5.1387  75.184475     0.3880     0.1810    10.9463 2.9274e-05  0.000e+00
       2871    130.114     5.1387  75.154753     0.3880     0.1810    10.9431 1.0393e-04  0.000e+00
       2872    130.187     5.1387  75.125030     0.3880     0.1810    10.9379 7.4059e-05  0.000e+00
       2873    130.256     5.1387  75.184477     0.3880     0.1810    10.9310 1.4351e-05  0.000e+00
       2874    130.322     5.1386  75.214201     0.3880     0.1810    10.9233 1.0393e-04  0.000e+00
       2875    130.381     5.1385  75.184478     0.3880     0.1810    10.9199 4.4200e-05  0.000e+00
       2876    130.430     5.1385  75.184478     0.3880     0.1810    10.9202 2.9274e-05  0.000e+00
       2877    130.485     5.1384  75.184479     0.3880     0.1810    10.9161 7.4059e-05  0.000e+00
       2878    130.545     5.1382  75.125032     0.3880     0.1810    10.9044 1.0000e-12  0.000e+00
       2879    130.622     5.1384  75.154756     0.2910     0.1629    10.8954 2.9274e-05  0.000e+00
       2880    130.705     5.1384  75.214204     0.2910     0.1629    10.8961 5.9128e-05  0.000e+00
