OriginalCode_DR/MON10_13Aug2015050.cnv
* Sea-Bird SBE19plus Data File:
* FileName = C:\Users\User\Desktop\WorkingFolder\HEX\MON10_13Aug2015050.hex
* Software Version 1.59
* Temperature SN =  7506
* Conductivity SN =  7506
* System UpLoad Time = Aug 13 2015 16:15:39
* ds
* SBE 19plus V 2.5.2  SERIAL NO. 7506    13 Aug 2015 16:14:43
# nquan = 9
# nvalues = 6685                                  
# units = specified
# name 0 = scan: Scan Count
# name 1 = prdM: Pressure, Strain Gauge [db]
# name 2 = tv290C: Temperature [ITS-90, deg C]
# name 3 = c0uS/cm: Conductivity [uS/cm]
# name 4 = turbWETntu0: Turbidity, WET Labs ECO [NTU]
# name 5 = flECO-AFL: Fluorescence, WET Labs ECO-AFL/FL [mg/m^3]
# name 6 = sbeox0Mg/L: Oxygen, SBE 43 [mg/l]
# name 7 = par: PAR/Irradiance, Biospherical/Licor
# name 8 = flag:  0.000e+00
# span 0 =          1,       6685                 
# span 1 =     -0.213,    185.439                 
# span 2 =     5.0796,    21.3575                 
# span 3 =   0.364655, 103.376201                 
# span 4 =   -11.2035,   109.7070                 
# span 5 =    -8.8690,     9.1224                 
# span 6 =     4.6677,    12.0587                 
# span 7 = 1.0000e-12, 4.2146e+03                 
# span 8 = 0.0000e+00, 0.0000e+00                 
# interval = seconds: 0.25
# start_time = Aug 11 2015 09:49:33 [Instrument's time stamp, header]
# bad_flag = -9.990e-29
*END*
[from data line 6081]
       6082     59.774     5.9307  76.848340     0.2910     0.2534    10.9904 1.5108e-01  0.000e+00
       6083     59.672     5.9318  76.848339     0.2910     0.2353    10.9889 1.5145e-01  0.000e+00
       6084     59.568     5.9348  76.878063     0.3395     0.2534    10.9889 1.5627e-01  0.000e+00
       6085     59.462     5.9372  76.907787     0.2910     0.2353    10.9863 1.6120e-01  0.000e+00
       6086     59.359     5.9381  76.848335     0.2425     0.2353    10.9841 1.5823e-01  0.000e+00
       6087     59.255     5.9394  76.848334     0.2910     0.2172    10.9942 1.6376e-01  0.000e+00
       6088     59.153     5.9422  76.848332     0.2910     0.2534    11.0013 1.6280e-01  0.000e+00
       6089     59.045     5.9430  76.878057     0.2910     0.2172    11.0059 1.6085e-01  0.000e+00
       6090     58.942     5.9452  76.907781     0.3395     0.2353    11.0094 1.6808e-01  0.000e+00
       6091     58.839     5.9496  76.967231     0.3395     0.2172    11.0140 1.6995e-01  0.000e+00
       6092     58.727     5.9524  76.878052     0.3880     0.2534    11.0156 1.7256e-01  0.000e+00
       6093     58.604     5.9534  76.907777     0.2425     0.2534    11.0107 1.7557e-01  0.000e+00
       6094     58.479     5.9578  76.937500     0.2910     0.2172    11.0086 1.8607e-01  0.000e+00
       6095     58.370     5.9643  76.907772     0.2910     0.2534    11.0051 1.7768e-01  0.000e+00
       6096     58.274     5.9697  76.907770     0.2425     0.2353    11.0031 1.8055e-01  0.000e+00
       6097     58.177     5.9749  76.996946     0.3395     0.2172    11.0047 1.8243e-01  0.000e+00
       6098     58.078     5.9784  76.967218     0.2425     0.2715    11.0072 1.8205e-01  0.000e+00
       6099     57.976     5.9819  76.996942     0.2910     0.2534    11.0077 1.9463e-01  0.000e+00
       6100     57.873     5.9885  77.026666     0.3395     0.2172    11.0171 1.8712e-01  0.000e+00
       6101     57.763     5.9924  76.967212     0.2910     0.2534    11.0232 1.9194e-01  0.000e+00
       6102     57.654     5.9950  77.026662     0.3395     0.2534    11.0279 1.9734e-01  0.000e+00
       6103     57.555     6.0015  77.026660     0.3395     0.2896    11.0301 2.0366e-01  0.000e+00
       6104     57.443     6.0077  77.026658     0.2425     0.2534    11.0350 2.0939e-01  0.000e+00
       6105     57.329     6.0104  77.026656     0.2910     0.2715    11.0313 2.1262e-01  0.000e+00
       6106     57.213     6.0139  77.026654     0.2910     0.2353    11.0285 2.1970e-01  0.000e+00
       6107     57.104     6.0191  77.026652     0.2910     0.2715    11.0274 2.1981e-01  0.000e+00
       6108     57.005     6.0229  77.086103     0.2910     0.2534    11.0242 2.2277e-01  0.000e+00
       6109     56.913     6.0258  77.026649     0.2910     0.2172    11.0321 2.1821e-01  0.000e+00
       6110     56.819     6.0281  77.026648     0.2910     0.2534    11.0359 2.3732e-01  0.000e+00
       6111     56.714     6.0287  77.026647     0.3395     0.2172    11.0447 2.2663e-01  0.000e+00
       6112     56.609     6.0286  77.086098     0.2910     0.2715    11.0355 2.4102e-01  0.000e+00
       6113     56.497     6.0323  77.145548     0.2910     0.2534    11.0334 2.4320e-01  0.000e+00
       6114     56.386     6.0360  77.115821     0.2425     0.2534    11.0334 2.4604e-01  0.000e+00
       6115     56.277     6.0387  77.086093     0.3395     0.2715    11.0253 2.4925e-01  0.000e+00
       6116     56.169     6.0420  77.086092     0.2910     0.2353    11.0173 2.5769e-01  0.000e+00
       6117     56.061     6.0454  77.115816     0.1940     0.2172    11.0050 2.5781e-01  0.000e+00
       6118     55.957     6.0485  77.086088     0.2425     0.2353    10.9966 2.6889e-01  0.000e+00
       6119     55.851     6.0516  77.115813     0.3395     0.2715    10.9906 2.6407e-01  0.000e+00
       6120     55.736     6.0531  77.145538     0.2910     0.2715    10.9954 2.6542e-01  0.000e+00
       6121     55.608     6.0553  77.115810     0.2910     0.2353    10.9835 2.8849e-01  0.000e+00
       6122     55.487     6.0604  77.234712     0.3395     0.2534    10.9850 2.9418e-01  0.000e+00
       6123     55.382     6.0668  77.234710     0.2910     0.2534    10.9892 2.8679e-01  0.000e+00
       6124     55.295     6.0719  77.234708     0.2910     0.2715    10.9876 2.9611e-01  0.000e+00
       6125     55.205     6.0766  77.234706     0.2910     0.2353    10.9961 2.9458e-01  0.000e+00
       6126     55.103     6.0806  77.234704     0.2910     0.2534    11.0036 3.0567e-01  0.000e+00
       6127     54.986     6.0814  77.234703     0.2910     0.2353    11.0019 3.0995e-01  0.000e+00
       6128     54.868     6.0856  77.234701     0.3395     0.2172    11.0024 3.1050e-01  0.000e+00
       6129     54.757     6.0904  77.294152     0.2910     0.2353    11.0085 3.0464e-01  0.000e+00
       6130     54.641     6.0935  77.294150     0.2910     0.2715    11.0142 3.0718e-01  0.000e+00
       6131     54.536     6.0955  77.234696     0.2910     0.2715    11.0246 3.1950e-01  0.000e+00
       6132     54.434     6.0984  77.234695     0.2910     0.2534    11.0237 3.2594e-01  0.000e+00
       6133     54.328     6.1018  77.264419     0.2910     0.3077    11.0301 3.3081e-01  0.000e+00
       6134     54.221     6.1036  77.234692     0.3395     0.2172    11.0286 3.3000e-01  0.000e+00
       6135     54.125     6.1055  77.294143     0.3395     0.2715    11.0464 3.3825e-01  0.000e+00
       6136     54.032     6.1080  77.264416     0.2910     0.2715    11.0476 3.3602e-01  0.000e+00
       6137     53.934     6.1102  77.294141     0.2910     0.2534    11.0457 3.4711e-01  0.000e+00
       6138     53.828     6.1121  77.294139     0.2910     0.2353    11.0393 3.5108e-01  0.000e+00
       6139     53.710     6.1136  77.264412     0.3395     0.2172    11.0382 3.4161e-01  0.000e+00
       6140     53.599     6.1159  77.294137     0.2425     0.2172    11.0449 3.6021e-01  0.000e+00
       6141     53.489     6.1189  77.264409     0.2910     0.2715    11.0377 3.6802e-01  0.000e+00
       6142     53.381     6.1213  77.294134     0.3395     0.2715    11.0262 3.7483e-01  0.000e+00
       6143     53.274     6.1231  77.353585     0.2910     0.2353    11.0284 3.7403e-01  0.000e+00
       6144     53.167     6.1246  77.323858     0.2425     0.2715    11.0346 3.7266e-01  0.000e+00
       6145     53.057     6.1276  77.353582     0.2425     0.2715    11.0428 3.7508e-01  0.000e+00
       6146     52.950     6.1306  77.323854     0.3395     0.2715    11.0399 3.9531e-01  0.000e+00
       6147     52.851     6.1332  77.294127     0.3395     0.2534    11.0340 4.0159e-01  0.000e+00
       6148     52.745     6.1359  77.353578     0.2910     0.2534    11.0286 4.0142e-01  0.000e+00
       6149     52.639     6.1375  77.383303     0.2910     0.2534    11.0323 4.0270e-01  0.000e+00
       6150     52.530     6.1392  77.353575     0.3395     0.2353    11.0270 4.0848e-01  0.000e+00
       6151     52.423     6.1422  77.353574     0.3395     0.2353    11.0129 4.0934e-01  0.000e+00
       6152     52.315     6.1449  77.383299     0.3880     0.2353    11.0057 4.1749e-01  0.000e+00
       6153     52.210     6.1469  77.383298     0.3880     0.2534    11.0057 4.2352e-01  0.000e+00
       6154     52.109     6.1491  77.383296     0.2910     0.2534    11.0109 4.3154e-01  0.000e+00
       6155     52.005     6.1514  77.383295     0.2910     0.2534    11.0154 4.3454e-01  0.000e+00
       6156     51.908     6.1531  77.353567     0.3395     0.2896    11.0235 4.3756e-01  0.000e+00
       6157     51.806     6.1551  77.383292     0.2910     0.2715    11.0246 4.4841e-01  0.000e+00
       6158     51.700     6.1564  77.383291     0.3880     0.2172    11.0256 4.4598e-01  0.000e+00
       6159     51.593     6.1570  77.383290     0.2910     0.2534    11.0296 4.5872e-01  0.000e+00
       6160     51.490     6.1586  77.383289     0.2910     0.2534    11.0348 4.6913e-01  0.000e+00
       6161     51.381     6.1598  77.353562     0.2910     0.2715    11.0286 4.8044e-01  0.000e+00
       6162     51.269     6.1609  77.383287     0.3395     0.2896    11.0295 4.8703e-01  0.000e+00
       6163     51.160     6.1624  77.383286     0.2910     0.2715    11.0340 4.9086e-01  0.000e+00
       6164     51.057     6.1646  77.383285     0.2910     0.2715    11.0378 4.9350e-01  0.000e+00
       6165     50.955     6.1673  77.323830     0.3880     0.2896    11.0466 5.0894e-01  0.000e+00
       6166     50.854     6.1686  77.383282     0.3395     0.2896    11.0521 5.0842e-01  0.000e+00
       6167     50.753     6.1698  77.413007     0.2910     0.2172    11.0531 5.0365e-01  0.000e+00
       6168     50.644     6.1712  77.442733     0.2910     0.2534    11.0460 5.1009e-01  0.000e+00
       6169     50.538     6.1738  77.442731     0.2910     0.2534    11.0495 5.3094e-01  0.000e+00
       6170     50.436     6.1767  77.413003     0.2910     0.3439    11.0453 5.2288e-01  0.000e+00
       6171     50.328     6.1788  77.383276     0.2910     0.2896    11.0368 5.4362e-01  0.000e+00
       6172     50.223     6.1806  77.442727     0.2910     0.2534    11.0358 5.5195e-01  0.000e+00
       6173     50.126     6.1826  77.412999     0.2910     0.2715    11.0348 5.5949e-01  0.000e+00
       6174     50.031     6.1844  77.383272     0.2910     0.2534    11.0322 5.5319e-01  0.000e+00
       6175     49.927     6.1858  77.412997     0.3395     0.2896    11.0288 5.6735e-01  0.000e+00
       6176     49.803     6.1863  77.442723     0.2910     0.2534    11.0258 5.7670e-01  0.000e+00
       6177     49.675     6.1874  77.442721     0.3395     0.2715    11.0298 5.8524e-01  0.000e+00
       6178     49.562     6.1891  77.472447     0.2910     0.2896    11.0328 5.9282e-01  0.000e+00
       6179     49.473     6.1910  77.442719     0.3395     0.2534    11.0330 6.0641e-01  0.000e+00
       6180     49.395     6.1926  77.472444     0.2425     0.2534    11.0375 6.1006e-01  0.000e+00
       6181     49.307     6.1934  77.442717     0.3395     0.2896    11.0427 6.0665e-01  0.000e+00
       6182     49.198     6.1940  77.442716     0.3395     0.2534    11.0476 6.2487e-01  0.000e+00
       6183     49.075     6.1938  77.472442     0.2910     0.2534    11.0480 6.3770e-01  0.000e+00
       6184     48.960     6.1958  77.502167     0.2910     0.2353    11.0419 6.4818e-01  0.000e+00
       6185     48.852     6.1990  77.442712     0.2910     0.2715    11.0337 6.4703e-01  0.000e+00
       6186     48.747     6.2014  77.472437     0.3395     0.2715    11.0289 6.6869e-01  0.000e+00
       6187     48.641     6.2032  77.502163     0.3395     0.2715    11.0281 6.7400e-01  0.000e+00
       6188     48.528     6.2052  77.472435     0.2910     0.2715    11.0281 6.8326e-01  0.000e+00
       6189     48.417     6.2075  77.502160     0.2425     0.2896    11.0292 6.9660e-01  0.000e+00
       6190     48.326     6.2100  77.502159     0.2910     0.2534    11.0330 6.9358e-01  0.000e+00
       6191     48.237     6.2119  77.531884     0.2910     0.2896    11.0330 6.9536e-01  0.000e+00
       6192     48.149     6.2134  77.442703     0.3395     0.2896    11.0386 7.0128e-01  0.000e+00
       6193     48.059     6.2144  77.531882     0.2910     0.2896    11.0493 7.1591e-01  0.000e+00
       6194     47.977     6.2156  77.561608     0.2910     0.2715    11.0489 7.2057e-01  0.000e+00
       6195     47.896     6.2175  77.502154     0.3395     0.2534    11.0492 7.3082e-01  0.000e+00
       6196     47.812     6.2186  77.531879     0.2910     0.2896    11.0532 7.3831e-01  0.000e+00
       6197     47.718     6.2191  77.502152     0.2910     0.2896    11.0518 7.5999e-01  0.000e+00
       6198     47.615     6.2194  77.502151     0.2425     0.2715    11.0510 7.6327e-01  0.000e+00
       6199     47.510     6.2200  77.531877     0.2910     0.2715    11.0492 7.6282e-01  0.000e+00
       6200     47.404     6.2212  77.502149     0.3395     0.2715    11.0474 7.6925e-01  0.000e+00
       6201     47.301     6.2230  77.531874     0.3395     0.2896    11.0497 7.7845e-01  0.000e+00
       6202     47.204     6.2248  77.502147     0.2910     0.2715    11.0512 7.9576e-01  0.000e+00
       6203     47.115     6.2264  77.502146     0.2910     0.2715    11.0540 8.1817e-01  0.000e+00
       6204     47.022     6.2273  77.531871     0.3395     0.2353    11.0441 8.1326e-01  0.000e+00
       6205     46.918     6.2278  77.561597     0.2425     0.2896    11.0511 8.2581e-01  0.000e+00
       6206     46.817     6.2282  77.531869     0.2910     0.2534    11.0519 8.3643e-01  0.000e+00
       6207     46.721     6.2297  77.502142     0.2425     0.2896    11.0504 8.5441e-01  0.000e+00
       6208     46.622     6.2313  77.561594     0.2910     0.3077    11.0519 8.6237e-01  0.000e+00
       6209     46.518     6.2326  77.561593     0.3395     0.2896    11.0521 8.6921e-01  0.000e+00
       6210     46.412     6.2349  77.561591     0.3395     0.2896    11.0502 8.8544e-01  0.000e+00
       6211     46.310     6.2390  77.561589     0.3395     0.2715    11.0519 8.9023e-01  0.000e+00
       6212     46.203     6.2427  77.561588     0.2425     0.2896    11.0576 8.9572e-01  0.000e+00
       6213     46.091     6.2457  77.621040     0.3395     0.2534    11.0581 9.0699e-01  0.000e+00
       6214     45.976     6.2499  77.561584     0.3395     0.2715    11.0579 9.2226e-01  0.000e+00
       6215     45.852     6.2558  77.561582     0.2425     0.2534    11.0630 9.2919e-01  0.000e+00
       6216     45.732     6.2628  77.680486     0.3395     0.2896    11.0552 9.4698e-01  0.000e+00
       6217     45.627     6.2698  77.621030     0.3395     0.2896    11.0584 9.4879e-01  0.000e+00
       6218     45.531     6.2756  77.621028     0.3395     0.2534    11.0583 9.7100e-01  0.000e+00
       6219     45.435     6.2804  77.621026     0.3395     0.2896    11.0563 9.8219e-01  0.000e+00
       6220     45.337     6.2841  77.621024     0.3395     0.2896    11.0569 9.9369e-01  0.000e+00
       6221     45.227     6.2866  77.680476     0.3395     0.2715    11.0657 1.0109e+00  0.000e+00
       6222     45.123     6.2912  77.710201     0.2910     0.2534    11.0649 1.0262e+00  0.000e+00
       6223     45.021     6.2987  77.680472     0.3395     0.2896    11.0594 1.0338e+00  0.000e+00
       6224     44.915     6.3044  77.680469     0.2425     0.2896    11.0654 1.0469e+00  0.000e+00
       6225     44.806     6.3082  77.769648     0.2910     0.2896    11.0569 1.0511e+00  0.000e+00
       6226     44.698     6.3146  77.710192     0.3395     0.2896    11.0533 1.0775e+00  0.000e+00
       6227     44.591     6.3222  77.769643     0.2425     0.3258    11.0536 1.0841e+00  0.000e+00
       6228     44.487     6.3270  77.769641     0.3395     0.2896    11.0503 1.1021e+00  0.000e+00
       6229     44.385     6.3295  77.769640     0.3395     0.2896    11.0588 1.1094e+00  0.000e+00
       6230     44.283     6.3321  77.769638     0.3395     0.2715    11.0658 1.1306e+00  0.000e+00
       6231     44.174     6.3364  77.769636     0.3395     0.2896    11.0699 1.1430e+00  0.000e+00
       6232     44.073     6.3416  77.769634     0.3395     0.3077    11.0691 1.1534e+00  0.000e+00
       6233     43.975     6.3473  77.769632     0.2910     0.2715    11.0833 1.1654e+00  0.000e+00
       6234     43.870     6.3530  77.769630     0.2910     0.2896    11.0943 1.1941e+00  0.000e+00
       6235     43.761     6.3578  77.799355     0.2910     0.2896    11.0928 1.2097e+00  0.000e+00
       6236     43.659     6.3624  77.829080     0.3395     0.2715    11.0946 1.2236e+00  0.000e+00
       6237     43.551     6.3673  77.888532     0.2910     0.3801    11.1001 1.2303e+00  0.000e+00
       6238     43.451     6.3726  77.858803     0.2910     0.3258    11.1019 1.2581e+00  0.000e+00
       6239     43.356     6.3777  77.888528     0.3395     0.3258    11.1057 1.2626e+00  0.000e+00
       6240     43.256     6.3813  77.858799     0.3395     0.3077    11.1024 1.2857e+00  0.000e+00
