OriginalCode_DR/MON10_13Aug2015050.cnv
* Sea-Bird SBE19plus Data File:
* FileName = C:\Users\User\Desktop\WorkingFolder\HEX\MON10_13Aug2015050.hex
* Software Version 1.59
* Temperature SN =  7506
* Conductivity SN =  7506
* System UpLoad Time = Aug 13 2015 16:15:39
* ds
* SBE 19plus V 2.5.2  SERIAL NO. 7506    13 Aug 2015 16:14:43
# nquan = 9
# nvalues = 6685                                  
# units = specified
# name 0 = scan: Scan Count
# name 1 = prdM: Pressure, Strain Gauge [db]
# name 2 = tv290C: Temperature [ITS-90, deg C]
# name 3 = c0uS/cm: Conductivity [uS/cm]
# name 4 = turbWETntu0: Turbidity, WET Labs ECO [NTU]
# name 5 = flECO-AFL: Fluorescence, WET Labs ECO-AFL/FL [mg/m^3]
# name 6 = sbeox0Mg/L: Oxygen, SBE 43 [mg/l]
# name 7 = par: PAR/Irradiance, Biospherical/Licor
# name 8 = flag:  0.000e+00
# span 0 =          1,       6685                 
# span 1 =     -0.213,    185.439                 
# span 2 =     5.0796,    21.3575                 
# span 3 =   0.364655, 103.376201                 
# span 4 =   -11.2035,   109.7070                 
# span 5 =    -8.8690,     9.1224                 
# span 6 =     4.6677,    12.0587                 
# span 7 = 1.0000e-12, 4.2146e+03                 
# span 8 = 0.0000e+00, 0.0000e+00                 
# interval = seconds: 0.25
# start_time = Aug 11 2015 09:49:33 [Instrument's time stamp, header]
# bad_flag = -9.990e-29
*END*
[from data line 2721]
       2722     93.380     5.3171  75.481403     0.2425     0.2896    10.9990 2.9274e-05  0.000e+00
       2723     93.433     5.3169  75.511127     0.2425     0.2896    10.9981 2.9274e-05  0.000e+00
       2724     93.483     5.3163  75.451680     0.2425     0.2896    10.9966 1.0393e-04  0.000e+00
       2725     93.526     5.3159  75.511128     0.2425     0.2896    10.9998 7.4059e-05  0.000e+00
       2726     93.563     5.3155  75.511128     0.2425     0.2896    11.0035 2.9274e-05  0.000e+00
       2727     93.600     5.3153  75.511128     0.2425     0.2896    11.0142 1.3381e-04  0.000e+00
       2728     93.641     5.3148  75.511129     0.2425     0.2896    11.0146 1.0000e-12  0.000e+00
       2729     93.692     5.3143  75.451682     0.2425     0.2896    11.0191 1.0000e-12  0.000e+00
       2730     93.740     5.3137  75.481406     0.2425     0.2896    11.0217 1.0000e-12  0.000e+00
       2731     93.779     5.3128  75.511130     0.2425     0.2896    11.0199 1.0000e-12  0.000e+00
       2732     93.811     5.3118  75.511131     0.2425     0.2896    11.0210 1.0000e-12  0.000e+00
       2733     93.841     5.3110  75.451684     0.2425     0.2896    11.0195 1.0000e-12  0.000e+00
       2734     93.886     5.3102  75.451684     0.2425     0.2896    11.0247 2.9274e-05  0.000e+00
       2735     93.953     5.3095  75.451685     0.2425     0.2896    11.0256 5.9128e-05  0.000e+00
       2736     94.038     5.3089  75.511133     0.2425     0.2896    11.0278 1.0000e-12  0.000e+00
       2737     94.118     5.3082  75.451687     0.2425     0.2896    11.0254 5.9128e-05  0.000e+00
       2738     94.176     5.3074  75.451687     0.2425     0.2896    11.0211 1.4351e-05  0.000e+00
       2739     94.218     5.3067  75.451688     0.2910     0.2534    11.0252 5.9128e-05  0.000e+00
       2740     94.243     5.3063  75.451688     0.2425     0.2715    11.0238 1.3381e-04  0.000e+00
       2741     94.266     5.3057  75.451688     0.2910     0.1991    11.0278 1.0000e-12  0.000e+00
       2742     94.295     5.3056  75.451688     0.2910     0.1991    11.0225 1.0393e-04  0.000e+00
       2743     94.329     5.3053  75.451689     0.2910     0.1991    11.0198 1.0000e-12  0.000e+00
       2744     94.361     5.3052  75.511136     0.2910     0.1991    11.0184 8.8992e-05  0.000e+00
       2745     94.391     5.3049  75.451689     0.2910     0.1991    11.0157 1.0000e-12  0.000e+00
       2746     94.424     5.3047  75.451690     0.2910     0.1991    11.0182 1.1887e-04  0.000e+00
       2747     94.466     5.3046  75.451690     0.2910     0.1991    11.0103 2.9274e-05  0.000e+00
       2748     94.531     5.3045  75.451690     0.2910     0.1991    11.0108 1.4351e-05  0.000e+00
       2749     94.599     5.3041  75.451691     0.2910     0.1991    11.0036 1.0000e-12  0.000e+00
       2750     94.658     5.3035  75.451692     0.2910     0.1991    11.0050 1.4351e-05  0.000e+00
       2751     94.708     5.3028  75.511140     0.2910     0.1991    11.0069 2.9274e-05  0.000e+00
       2752     94.746     5.3024  75.451693     0.2910     0.1991    11.0124 1.1887e-04  0.000e+00
       2753     94.772     5.3021  75.481416     0.2425     0.1991    11.0081 1.1887e-04  0.000e+00
       2754     94.807     5.3017  75.451693     0.2425     0.1991    11.0049 1.4351e-05  0.000e+00
       2755     94.844     5.3017  75.451693     0.3395     0.2534    11.0090 4.4200e-05  0.000e+00
       2756     94.888     5.3015  75.451694     0.3395     0.2172    11.0112 4.4200e-05  0.000e+00
       2757     94.923     5.3012  75.451694     0.2910     0.2534    11.0202 2.9274e-05  0.000e+00
       2758     94.956     5.3010  75.451694     0.2910     0.2534    11.0219 7.4059e-05  0.000e+00
       2759     95.000     5.3008  75.451695     0.2910     0.2534    11.0168 1.0000e-12  0.000e+00
       2760     95.068     5.3004  75.451695     0.2910     0.2353    11.0223 7.4059e-05  0.000e+00
       2761     95.146     5.3002  75.511143     0.2910     0.2715    11.0226 1.0393e-04  0.000e+00
       2762     95.218     5.2999  75.451697     0.2910     0.2715    11.0203 1.0000e-12  0.000e+00
       2763     95.279     5.2995  75.511144     0.2910     0.2715    11.0164 2.9274e-05  0.000e+00
       2764     95.323     5.2989  75.451698     0.2910     0.2715    11.0144 2.9274e-05  0.000e+00
       2765     95.359     5.2977  75.451698     0.2910     0.2715    11.0098 1.0000e-12  0.000e+00
       2766     95.405     5.2967  75.451699     0.2910     0.2715    11.0191 4.4200e-05  0.000e+00
       2767     95.459     5.2958  75.511147     0.2910     0.2715    11.0207 4.4200e-05  0.000e+00
       2768     95.514     5.2950  75.540871     0.2910     0.2715    11.0157 2.9274e-05  0.000e+00
       2769     95.564     5.2940  75.451700     0.2910     0.2715    11.0154 4.4200e-05  0.000e+00
       2770     95.609     5.2931  75.451701     0.2910     0.2715    11.0137 1.4351e-05  0.000e+00
       2771     95.653     5.2924  75.451702     0.2910     0.2715    11.0066 2.9274e-05  0.000e+00
       2772     95.708     5.2919  75.451702     0.2910     0.2715    11.0173 1.0000e-12  0.000e+00
       2773     95.768     5.2912  75.392255     0.2910     0.2715    11.0127 1.0000e-12  0.000e+00
       2774     95.830     5.2908  75.392256     0.3395     0.2534    11.0161 1.0000e-12  0.000e+00
       2775     95.891     5.2905  75.392256     0.2910     0.2715    11.0193 2.9274e-05  0.000e+00
       2776     95.941     5.2901  75.392257     0.2425     0.2896    11.0228 2.9274e-05  0.000e+00
       2777     95.983     5.2894  75.511152     0.2425     0.2534    11.0288 1.0393e-04  0.000e+00
       2778     96.020     5.2889  75.332811     0.2425     0.2534    11.0327 1.0000e-12  0.000e+00
       2779     96.052     5.2886  75.392258     0.2425     0.2534    11.0297 7.4059e-05  0.000e+00
       2780     96.084     5.2884  75.451706     0.2425     0.2534    11.0238 2.9274e-05  0.000e+00
       2781     96.112     5.2881  75.392259     0.2425     0.2534    11.0253 1.0000e-12  0.000e+00
       2782     96.147     5.2879  75.392259     0.3395     0.2534    11.0188 2.9274e-05  0.000e+00
       2783     96.184     5.2878  75.451706     0.1940     0.2715    11.0200 2.9274e-05  0.000e+00
       2784     96.236     5.2876  75.451707     0.1940     0.2715    11.0113 2.9274e-05  0.000e+00
       2785     96.299     5.2876  75.451707     0.1940     0.2715    11.0139 8.8992e-05  0.000e+00
       2786     96.368     5.2872  75.392261     0.1940     0.2715    11.0162 4.4200e-05  0.000e+00
       2787     96.437     5.2870  75.451709     0.1940     0.2715    11.0083 7.4059e-05  0.000e+00
       2788     96.492     5.2867  75.451709     0.1940     0.2715    11.0179 1.0000e-12  0.000e+00
       2789     96.532     5.2864  75.392262     0.1940     0.2715    11.0180 1.0000e-12  0.000e+00
       2790     96.559     5.2859  75.451710     0.1940     0.2715    11.0157 1.1887e-04  0.000e+00
       2791     96.584     5.2855  75.511157     0.1940     0.2715    11.0144 8.8992e-05  0.000e+00
       2792     96.615     5.2852  75.392263     0.1940     0.2715    11.0259 1.0000e-12  0.000e+00
       2793     96.662     5.2850  75.392263     0.1940     0.2715    11.0198 1.0000e-12  0.000e+00
       2794     96.714     5.2847  75.392264     0.1940     0.2715    11.0216 5.9128e-05  0.000e+00
       2795     96.765     5.2843  75.451712     0.1940     0.2715    11.0143 4.4200e-05  0.000e+00
       2796     96.805     5.2840  75.392265     0.1940     0.2715    11.0053 1.0000e-12  0.000e+00
       2797     96.843     5.2838  75.392265     0.1940     0.2715    11.0117 8.8992e-05  0.000e+00
       2798     96.881     5.2835  75.392265     0.1940     0.2715    11.0073 1.3381e-04  0.000e+00
       2799     96.927     5.2835  75.451713     0.1940     0.2715    11.0130 1.7865e-04  0.000e+00
       2800     96.974     5.2834  75.392266     0.1940     0.2715    11.0151 2.9274e-05  0.000e+00
       2801     97.025     5.2834  75.392266     0.1940     0.2715    11.0234 1.0000e-12  0.000e+00
       2802     97.073     5.2833  75.451714     0.1940     0.2715    11.0088 1.0000e-12  0.000e+00
       2803     97.117     5.2832  75.451714     0.1940     0.2715    11.0264 2.9274e-05  0.000e+00
       2804     97.148     5.2832  75.451715     0.1940     0.2715    11.0157 2.9274e-05  0.000e+00
       2805     97.171     5.2831  75.392268     0.1940     0.2715    11.0253 7.4059e-05  0.000e+00
       2806     97.190     5.2830  75.451715     0.1940     0.2715    11.0163 4.4200e-05  0.000e+00
       2807     97.207     5.2831  75.392268     0.3395     0.2353    11.0166 2.9274e-05  0.000e+00
       2808     97.244     5.2832  75.392268     0.3395     0.1991    11.0176 1.0000e-12  0.000e+00
       2809     97.297     5.2832  75.451716     0.2425     0.2353    11.0154 1.0000e-12  0.000e+00
       2810     97.359     5.2830  75.392269     0.2425     0.2353    11.0227 1.0393e-04  0.000e+00
       2811     97.417     5.2830  75.451717     0.2425     0.2353    11.0164 1.0000e-12  0.000e+00
       2812     97.462     5.2829  75.451717     0.2425     0.2353    10.9970 1.6370e-04  0.000e+00
       2813     97.498     5.2827  75.511165     0.2425     0.2353    10.9939 7.4059e-05  0.000e+00
       2814     97.529     5.2826  75.392270     0.2425     0.2353    10.9923 2.9274e-05  0.000e+00
       2815     97.564     5.2824  75.451718     0.2425     0.2353    11.0054 1.0393e-04  0.000e+00
       2816     97.605     5.2821  75.451718     0.2425     0.2353    10.9970 2.9274e-05  0.000e+00
       2817     97.655     5.2817  75.392271     0.2425     0.2353    10.9981 4.4200e-05  0.000e+00
       2818     97.707     5.2813  75.392272     0.2425     0.2353    11.0053 7.4059e-05  0.000e+00
       2819     97.761     5.2809  75.451720     0.2425     0.2353    11.0036 7.4059e-05  0.000e+00
       2820     97.804     5.2806  75.392273     0.2425     0.2353    11.0154 1.4351e-05  0.000e+00
       2821     97.840     5.2804  75.392273     0.2425     0.2353    11.0070 2.9274e-05  0.000e+00
       2822     97.867     5.2800  75.451721     0.2910     0.2715    11.0105 1.0000e-12  0.000e+00
       2823     97.895     5.2799  75.392274     0.2910     0.2172    11.0070 5.9128e-05  0.000e+00
       2824     97.921     5.2796  75.451721     0.2425     0.2534    11.0206 1.0000e-12  0.000e+00
       2825     97.944     5.2794  75.392274     0.2910     0.2353    11.0180 1.0000e-12  0.000e+00
       2826     97.963     5.2794  75.451721     0.2910     0.2353    10.9889 1.0000e-12  0.000e+00
       2827     97.988     5.2793  75.451722     0.2910     0.2353    10.9938 4.4200e-05  0.000e+00
       2828     98.024     5.2792  75.392275     0.2910     0.2353    11.0048 2.9274e-05  0.000e+00
       2829     98.077     5.2791  75.392275     0.2425     0.2715    11.0079 1.0000e-12  0.000e+00
       2830     98.133     5.2790  75.451723     0.2910     0.2896    11.0126 1.0000e-12  0.000e+00
       2831     98.185     5.2788  75.392276     0.2910     0.2715    11.0113 5.9128e-05  0.000e+00
       2832     98.235     5.2785  75.451724     0.2910     0.2896    11.0212 1.0393e-04  0.000e+00
       2833     98.280     5.2782  75.451724     0.2910     0.2896    11.0228 2.9274e-05  0.000e+00
       2834     98.323     5.2779  75.451724     0.2910     0.2896    11.0360 2.9274e-05  0.000e+00
       2835     98.362     5.2777  75.451725     0.2910     0.2896    11.0228 4.4200e-05  0.000e+00
       2836     98.395     5.2773  75.451725     0.2910     0.2896    11.0370 1.0000e-12  0.000e+00
       2837     98.429     5.2771  75.392278     0.2910     0.2896    11.0488 2.9274e-05  0.000e+00
       2838     98.469     5.2768  75.392278     0.2910     0.2896    11.0493 1.4351e-05  0.000e+00
       2839     98.509     5.2764  75.451726     0.2910     0.2896    11.0569 2.9274e-05  0.000e+00
       2840     98.544     5.2763  75.451726     0.2910     0.2896    11.0295 2.9274e-05  0.000e+00
       2841     98.569     5.2760  75.392279     0.2910     0.2896    11.0205 2.9274e-05  0.000e+00
       2842     98.592     5.2758  75.392280     0.2910     0.2353    11.0042 1.0000e-12  0.000e+00
       2843     98.607     5.2754  75.451727     0.2910     0.2353    10.9918 1.0000e-12  0.000e+00
       2844     98.634     5.2754  75.451727     0.2425     0.2353    10.9909 2.9274e-05  0.000e+00
       2845     98.677     5.2753  75.451728     0.2425     0.2534    10.9945 4.4200e-05  0.000e+00
       2846     98.736     5.2749  75.392281     0.2425     0.2534    10.9978 1.4351e-05  0.000e+00
       2847     98.803     5.2742  75.332834     0.2425     0.2534    11.0030 1.0393e-04  0.000e+00
       2848     98.863     5.2733  75.451729     0.2910     0.2172    11.0203 1.0000e-12  0.000e+00
       2849     98.915     5.2725  75.392283     0.2910     0.2534    11.0001 1.0000e-12  0.000e+00
       2850     98.955     5.2717  75.451730     0.2425     0.2353    10.9926 4.4200e-05  0.000e+00
       2851     98.981     5.2711  75.451731     0.2425     0.2353    10.9871 2.9274e-05  0.000e+00
       2852     99.009     5.2707  75.392284     0.2425     0.2172    10.9886 1.4351e-05  0.000e+00
       2853     99.043     5.2701  75.451731     0.3395     0.1991    10.9841 1.0000e-12  0.000e+00
       2854     99.083     5.2698  75.332838     0.2910     0.2896    11.0005 5.9128e-05  0.000e+00
       2855     99.120     5.2695  75.451732     0.2910     0.3439    10.9918 1.0000e-12  0.000e+00
       2856     99.150     5.2691  75.451733     0.2425     0.2896    10.9954 1.0000e-12  0.000e+00
       2857     99.174     5.2687  75.392286     0.3395     0.2534    11.0061 4.4200e-05  0.000e+00
       2858     99.194     5.2685  75.392286     0.2910     0.2534    11.0002 1.0393e-04  0.000e+00
       2859     99.233     5.2682  75.451733     0.2910     0.2534    11.0049 1.4351e-05  0.000e+00
       2860     99.289     5.2680  75.451734     0.2910     0.1991    11.0094 2.9274e-05  0.000e+00
       2861     99.366     5.2678  75.392287     0.2910     0.2172    11.0007 8.8992e-05  0.000e+00
       2862     99.447     5.2671  75.392288     0.2425     0.2896    11.0057 1.4351e-05  0.000e+00
       2863     99.525     5.2666  75.392289     0.2910     0.2896    11.0007 1.0000e-12  0.000e+00
       2864     99.583     5.2661  75.392289     0.2910     0.2172    11.0026 1.4351e-05  0.000e+00
       2865     99.614     5.2657  75.392289     0.2910     0.1991    10.9950 1.0393e-04  0.000e+00
       2866     99.631     5.2653  75.392290     0.2910     0.2534    10.9891 4.4200e-05  0.000e+00
       2867     99.645     5.2650  75.362566     0.2425     0.2534    10.9919 5.9128e-05  0.000e+00
       2868     99.675     5.2653  75.392290     0.3395     0.2353    11.0002 2.9274e-05  0.000e+00
       2869     99.726     5.2653  75.451738     0.2425     0.2172    11.0054 7.4059e-05  0.000e+00
       2870     99.778     5.2652  75.392291     0.2425     0.1991    11.0025 1.0000e-12  0.000e+00
       2871     99.822     5.2649  75.392291     0.2425     0.1991    11.0075 7.4059e-05  0.000e+00
       2872     99.852     5.2647  75.332844     0.2425     0.2172    11.0039 8.8992e-05  0.000e+00
       2873     99.879     5.2645  75.362568     0.2910     0.2172    11.0059 5.9128e-05  0.000e+00
       2874     99.920     5.2642  75.332845     0.3395     0.2172    11.0156 7.4059e-05  0.000e+00
       2875     99.986     5.2640  75.392293     0.2425     0.2353    11.0080 1.0000e-12  0.000e+00
       2876    100.069     5.2637  75.451740     0.2910     0.2353    11.0165 1.4351e-05  0.000e+00
       2877    100.151     5.2629  75.451741     0.2910     0.1991    11.0234 1.0000e-12  0.000e+00
       2878    100.224     5.2623  75.362571     0.2910     0.2353    11.0210 1.0000e-12  0.000e+00
       2879    100.275     5.2609  75.332848     0.2425     0.1991    11.0224 1.0000e-12  0.000e+00
       2880    100.301     5.2595  75.332849     0.3395     0.1810    11.0222 1.0000e-12  0.000e+00
