OriginalCode_DR/MON10_13Aug2015050.cnv
* Sea-Bird SBE19plus Data File:
* FileName = C:\Users\User\Desktop\WorkingFolder\HEX\MON10_13Aug2015050.hex
* Software Version 1.59
* Temperature SN =  7506
* Conductivity SN =  7506
* System UpLoad Time = Aug 13 2015 16:15:39
* ds
* SBE 19plus V 2.5.2  SERIAL NO. 7506    13 Aug 2015 16:14:43
# nquan = 9
# nvalues = 6685                                  
# units = specified
# name 0 = scan: Scan Count
# name 1 = prdM: Pressure, Strain Gauge [db]
# name 2 = tv290C: Temperature [ITS-90, deg C]
# name 3 = c0uS/cm: Conductivity [uS/cm]
# name 4 = turbWETntu0: Turbidity, WET Labs ECO [NTU]
# name 5 = flECO-AFL: Fluorescence, WET Labs ECO-AFL/FL [mg/m^3]
# name 6 = sbeox0Mg/L: Oxygen, SBE 43 [mg/l]
# name 7 = par: PAR/Irradiance, Biospherical/Licor
# name 8 = flag:  0.000e+00
# span 0 =          1,       6685                 
# span 1 =     -0.213,    185.439                 
# span 2 =     5.0796,    21.3575                 
# span 3 =   0.364655, 103.376201                 
# span 4 =   -11.2035,   109.7070                 
# span 5 =    -8.8690,     9.1224                 
# span 6 =     4.6677,    12.0587                 
# span 7 = 1.0000e-12, 4.2146e+03                 
# span 8 = 0.0000e+00, 0.0000e+00                 
# interval = seconds: 0.25
# start_time = Aug 11 2015 09:49:33 [Instrument's time stamp, header]
# bad_flag = -9.990e-29
*END*
[from data line 3041]
       3042    107.691     5.2136  75.273466     0.2910     0.1810    10.9981 1.4351e-05  0.000e+00
       3043    107.728     5.2135  75.303190     0.2425     0.2172    10.9948 1.1887e-04  0.000e+00
       3044    107.775     5.2131  75.273467     0.2910     0.1991    10.9829 4.4200e-05  0.000e+00
       3045    107.823     5.2127  75.303191     0.2910     0.2172    10.9753 1.0000e-12  0.000e+00
       3046    107.862     5.2124  75.273468     0.2910     0.2353    10.9728 1.0000e-12  0.000e+00
       3047    107.892     5.2123  75.273468     0.2910     0.2353    10.9724 7.4059e-05  0.000e+00
       3048    107.924     5.2119  75.362639     0.2910     0.2172    10.9740 1.0000e-12  0.000e+00
       3049    107.956     5.2118  75.273469     0.2425     0.1629    10.9671 2.9274e-05  0.000e+00
       3050    107.993     5.2119  75.303192     0.2910     0.2715    10.9646 2.9274e-05  0.000e+00
       3051    108.043     5.2115  75.273469     0.2425     0.2172    10.9611 4.4200e-05  0.000e+00
       3052    108.098     5.2113  75.273470     0.2910     0.1810    10.9627 2.9274e-05  0.000e+00
       3053    108.155     5.2109  75.303194     0.2910     0.1991    10.9619 4.4200e-05  0.000e+00
       3054    108.207     5.2106  75.273471     0.2425     0.2353    10.9620 4.4200e-05  0.000e+00
       3055    108.266     5.2102  75.332918     0.2425     0.3077    10.9659 1.0000e-12  0.000e+00
       3056    108.326     5.2100  75.362642     0.2910     0.2534    10.9667 1.4351e-05  0.000e+00
       3057    108.379     5.2100  75.332919     0.2910     0.2353    10.9720 1.4351e-05  0.000e+00
       3058    108.428     5.2098  75.243749     0.2910     0.2172    10.9766 4.4200e-05  0.000e+00
       3059    108.471     5.2096  75.332920     0.2910     0.2353    10.9703 1.0000e-12  0.000e+00
       3060    108.517     5.2095  75.273473     0.3395     0.2534    10.9756 2.9274e-05  0.000e+00
       3061    108.562     5.2093  75.362644     0.2910     0.2534    10.9752 1.0000e-12  0.000e+00
       3062    108.607     5.2092  75.273474     0.2425     0.2353    10.9751 2.9274e-05  0.000e+00
       3063    108.657     5.2092  75.273474     0.3395     0.2353    10.9692 2.9274e-05  0.000e+00
       3064    108.704     5.2089  75.303198     0.2910     0.2896    10.9738 7.4059e-05  0.000e+00
       3065    108.753     5.2087  75.332922     0.3395     0.1810    10.9762 5.9128e-05  0.000e+00
       3066    108.802     5.2084  75.303199     0.2910     0.2172    10.9783 1.0000e-12  0.000e+00
       3067    108.848     5.2080  75.332923     0.2910     0.1991    10.9777 1.1887e-04  0.000e+00
       3068    108.891     5.2074  75.332923     0.2910     0.1810    10.9794 1.0000e-12  0.000e+00
       3069    108.929     5.2070  75.303200     0.2425     0.1629    10.9791 1.4351e-05  0.000e+00
       3070    108.956     5.2064  75.273477     0.2910     0.1810    10.9795 1.4351e-05  0.000e+00
       3071    108.978     5.2062  75.303201     0.2910     0.2172    10.9778 2.9274e-05  0.000e+00
       3072    109.009     5.2062  75.273478     0.2425     0.1991    10.9729 1.4351e-05  0.000e+00
       3073    109.060     5.2061  75.273478     0.2910     0.2353    10.9707 5.9128e-05  0.000e+00
       3074    109.114     5.2059  75.362649     0.2910     0.3077    10.9721 1.0000e-12  0.000e+00
       3075    109.158     5.2054  75.273479     0.2910     0.1810    10.9729 1.0000e-12  0.000e+00
       3076    109.192     5.2049  75.273479     0.2425     0.1991    10.9826 2.9274e-05  0.000e+00
       3077    109.220     5.2045  75.303203     0.2425     0.2534    10.9839 7.4059e-05  0.000e+00
       3078    109.257     5.2043  75.332927     0.3395     0.1991    10.9802 1.4351e-05  0.000e+00
       3079    109.313     5.2043  75.303204     0.2910     0.1810    10.9801 1.0000e-12  0.000e+00
       3080    109.386     5.2042  75.332928     0.2425     0.1810    10.9830 2.9274e-05  0.000e+00
       3081    109.460     5.2040  75.332928     0.3395     0.1810    10.9836 7.4059e-05  0.000e+00
       3082    109.524     5.2034  75.303206     0.2910     0.1991    10.9800 1.0000e-12  0.000e+00
       3083    109.570     5.2029  75.332929     0.3395     0.1991    10.9804 1.0000e-12  0.000e+00
       3084    109.611     5.2023  75.273483     0.2910     0.1629    10.9768 7.4059e-05  0.000e+00
       3085    109.649     5.2018  75.303207     0.2910     0.1810    10.9885 1.4351e-05  0.000e+00
       3086    109.694     5.2015  75.273484     0.2425     0.1991    10.9794 7.4059e-05  0.000e+00
       3087    109.734     5.2014  75.303208     0.2425     0.1810    10.9757 4.4200e-05  0.000e+00
       3088    109.766     5.2011  75.214038     0.2910     0.1810    10.9712 1.0000e-12  0.000e+00
       3089    109.796     5.2011  75.273485     0.2910     0.1810    10.9665 2.9274e-05  0.000e+00
       3090    109.822     5.2010  75.243761     0.2910     0.1991    10.9661 1.0000e-12  0.000e+00
       3091    109.860     5.2010  75.332932     0.2425     0.1810    10.9649 1.1887e-04  0.000e+00
       3092    109.910     5.2010  75.303209     0.2910     0.2353    10.9668 5.9128e-05  0.000e+00
       3093    109.974     5.2008  75.332933     0.2910     0.1991    10.9717 5.9128e-05  0.000e+00
       3094    110.031     5.2005  75.273486     0.2910     0.1810    10.9726 1.0000e-12  0.000e+00
       3095    110.087     5.2001  75.303210     0.2425     0.1810    10.9726 1.0000e-12  0.000e+00
       3096    110.140     5.1999  75.332934     0.2425     0.2172    10.9719 1.0000e-12  0.000e+00
       3097    110.188     5.1998  75.303211     0.3395     0.2172    10.9765 1.0393e-04  0.000e+00
       3098    110.225     5.1995  75.273488     0.2910     0.1810    10.9700 1.0000e-12  0.000e+00
       3099    110.262     5.1995  75.273488     0.2910     0.2172    10.9666 7.4059e-05  0.000e+00
       3100    110.303     5.1994  75.303212     0.3395     0.1991    10.9664 7.4059e-05  0.000e+00
       3101    110.340     5.1993  75.273489     0.2910     0.1991    10.9647 2.9274e-05  0.000e+00
       3102    110.372     5.1990  75.273489     0.2910     0.1810    10.9681 1.0000e-12  0.000e+00
       3103    110.408     5.1989  75.362660     0.2910     0.1991    10.9564 2.9274e-05  0.000e+00
       3104    110.446     5.1988  75.273490     0.2910     0.1991    10.9503 1.0000e-12  0.000e+00
       3105    110.494     5.1986  75.243767     0.2910     0.2172    10.9473 2.9274e-05  0.000e+00
       3106    110.550     5.1984  75.273491     0.2910     0.1810    10.9458 2.9274e-05  0.000e+00
       3107    110.612     5.1981  75.332938     0.2910     0.1629    10.9442 2.9274e-05  0.000e+00
       3108    110.668     5.1977  75.303215     0.2425     0.1629    10.9382 4.4200e-05  0.000e+00
       3109    110.716     5.1973  75.273492     0.2910     0.1629    10.9394 1.0000e-12  0.000e+00
       3110    110.750     5.1969  75.273492     0.2910     0.2715    10.9446 1.4351e-05  0.000e+00
       3111    110.781     5.1967  75.303216     0.2910     0.2172    10.9507 4.4200e-05  0.000e+00
       3112    110.810     5.1968  75.273493     0.2910     0.1629    10.9439 1.0393e-04  0.000e+00
       3113    110.834     5.1968  75.362664     0.3395     0.1991    10.9554 7.4059e-05  0.000e+00
       3114    110.859     5.1967  75.273493     0.2425     0.2353    10.9630 2.9274e-05  0.000e+00
       3115    110.894     5.1964  75.273494     0.2910     0.1991    10.9683 2.9274e-05  0.000e+00
       3116    110.932     5.1963  75.303217     0.3395     0.1629    10.9775 2.9274e-05  0.000e+00
       3117    110.976     5.1963  75.332941     0.2910     0.1991    10.9766 1.0000e-12  0.000e+00
       3118    111.010     5.1963  75.273495     0.2910     0.2172    10.9794 8.8992e-05  0.000e+00
       3119    111.044     5.1959  75.243771     0.2425     0.1991    10.9790 1.3381e-04  0.000e+00
       3120    111.077     5.1954  75.214048     0.2910     0.1991    10.9717 4.4200e-05  0.000e+00
       3121    111.119     5.1946  75.303219     0.2910     0.1810    10.9731 5.9128e-05  0.000e+00
       3122    111.169     5.1940  75.273496     0.2910     0.1991    10.9716 2.9274e-05  0.000e+00
       3123    111.222     5.1936  75.273497     0.2910     0.1629    10.9710 1.0000e-12  0.000e+00
       3124    111.273     5.1935  75.303221     0.3395     0.1991    10.9646 1.0000e-12  0.000e+00
       3125    111.311     5.1935  75.273497     0.2910     0.1991    10.9612 1.0000e-12  0.000e+00
       3126    111.348     5.1935  75.303221     0.2910     0.1810    10.9645 7.4059e-05  0.000e+00
       3127    111.375     5.1935  75.273498     0.2910     0.1810    10.9623 1.0000e-12  0.000e+00
       3128    111.402     5.1934  75.214051     0.3395     0.1629    10.9575 2.9274e-05  0.000e+00
       3129    111.418     5.1934  75.303222     0.2425     0.1991    10.9553 7.4059e-05  0.000e+00
       3130    111.436     5.1935  75.273498     0.3395     0.2172    10.9558 1.4351e-05  0.000e+00
       3131    111.459     5.1935  75.273498     0.2910     0.1810    10.9604 7.4059e-05  0.000e+00
       3132    111.490     5.1935  75.214052     0.2910     0.1810    10.9684 5.9128e-05  0.000e+00
       3133    111.527     5.1934  75.273499     0.2910     0.1810    10.9647 5.9128e-05  0.000e+00
       3134    111.561     5.1934  75.303223     0.2910     0.1810    10.9635 8.8992e-05  0.000e+00
       3135    111.595     5.1933  75.273499     0.2425     0.1810    10.9696 1.0000e-12  0.000e+00
       3136    111.635     5.1932  75.273500     0.3395     0.1991    10.9687 1.0000e-12  0.000e+00
       3137    111.692     5.1933  75.303224     0.2910     0.1991    10.9716 1.0000e-12  0.000e+00
       3138    111.765     5.1934  75.273501     0.3395     0.1991    10.9798 7.4059e-05  0.000e+00
       3139    111.847     5.1936  75.243778     0.2910     0.2172    10.9689 1.4351e-05  0.000e+00
       3140    111.920     5.1935  75.332949     0.2910     0.1991    10.9689 4.4200e-05  0.000e+00
       3141    111.984     5.1933  75.273502     0.2425     0.2172    10.9758 1.4351e-05  0.000e+00
       3142    112.035     5.1929  75.303226     0.2425     0.2172    10.9728 1.4351e-05  0.000e+00
       3143    112.078     5.1929  75.273503     0.2910     0.1629    10.9736 1.0393e-04  0.000e+00
       3144    112.106     5.1928  75.273503     0.2425     0.1810    10.9743 4.4200e-05  0.000e+00
       3145    112.124     5.1927  75.303227     0.3395     0.1810    10.9677 1.4351e-05  0.000e+00
       3146    112.147     5.1926  75.214057     0.2425     0.1810    10.9678 1.0000e-12  0.000e+00
       3147    112.176     5.1925  75.243780     0.2425     0.1810    10.9666 5.9128e-05  0.000e+00
       3148    112.215     5.1926  75.273504     0.2910     0.2172    10.9668 2.9274e-05  0.000e+00
       3149    112.265     5.1926  75.273504     0.2910     0.1810    10.9590 1.0000e-12  0.000e+00
       3150    112.319     5.1926  75.303228     0.2910     0.2353    10.9599 1.0000e-12  0.000e+00
       3151    112.384     5.1926  75.273505     0.2910     0.1991    10.9614 5.9128e-05  0.000e+00
       3152    112.464     5.1925  75.332953     0.1940     0.1991    10.9662 1.0393e-04  0.000e+00
       3153    112.543     5.1923  75.243783     0.2425     0.1991    10.9634 1.4351e-05  0.000e+00
       3154    112.599     5.1920  75.273507     0.2910     0.2353    10.9693 5.9128e-05  0.000e+00
       3155    112.627     5.1914  75.303231     0.2910     0.1629    10.9704 4.4200e-05  0.000e+00
       3156    112.638     5.1909  75.332955     0.2910     0.2353    10.9695 5.9128e-05  0.000e+00
       3157    112.644     5.1909  75.273508     0.2910     0.1629    10.9754 1.0393e-04  0.000e+00
       3158    112.659     5.1912  75.243784     0.2425     0.1629    10.9688 7.4059e-05  0.000e+00
       3159    112.695     5.1918  75.214061     0.2425     0.2172    10.9733 1.4351e-05  0.000e+00
       3160    112.747     5.1919  75.362679     0.2425     0.1810    10.9756 2.9274e-05  0.000e+00
       3161    112.803     5.1913  75.214062     0.3395     0.1810    10.9786 1.0393e-04  0.000e+00
       3162    112.859     5.1900  75.332956     0.2910     0.1991    10.9712 5.9128e-05  0.000e+00
       3163    112.911     5.1891  75.303233     0.2910     0.1810    10.9719 2.9274e-05  0.000e+00
       3164    112.966     5.1885  75.332957     0.2910     0.1629    10.9663 4.4200e-05  0.000e+00
       3165    113.019     5.1880  75.273511     0.3395     0.1991    10.9633 1.4351e-05  0.000e+00
       3166    113.064     5.1877  75.303235     0.2425     0.1448    10.9565 1.0000e-12  0.000e+00
       3167    113.105     5.1872  75.273512     0.2910     0.1629    10.9534 1.0000e-12  0.000e+00
       3168    113.141     5.1861  75.303236     0.2425     0.1810    10.9492 2.9274e-05  0.000e+00
       3169    113.169     5.1849  75.273513     0.2425     0.1629    10.9443 5.9128e-05  0.000e+00
       3170    113.195     5.1842  75.303237     0.2910     0.1991    10.9420 1.0000e-12  0.000e+00
       3171    113.232     5.1835  75.273514     0.2425     0.1810    10.9423 1.0393e-04  0.000e+00
       3172    113.277     5.1829  75.273514     0.2910     0.2353    10.9507 1.4351e-05  0.000e+00
       3173    113.329     5.1823  75.303238     0.2910     0.1448    10.9449 4.4200e-05  0.000e+00
       3174    113.376     5.1821  75.273515     0.2425     0.1810    10.9495 7.4059e-05  0.000e+00
       3175    113.411     5.1819  75.243792     0.2425     0.1991    10.9510 1.0393e-04  0.000e+00
       3176    113.436     5.1820  75.273515     0.2910     0.1810    10.9457 1.0393e-04  0.000e+00
       3177    113.460     5.1819  75.273516     0.3395     0.2172    10.9452 1.3381e-04  0.000e+00
       3178    113.503     5.1821  75.243793     0.3395     0.1991    10.9364 4.4200e-05  0.000e+00
       3179    113.563     5.1821  75.273516     0.2425     0.1991    10.9341 1.0000e-12  0.000e+00
       3180    113.638     5.1821  75.362687     0.2910     0.1629    10.9259 1.0000e-12  0.000e+00
       3181    113.711     5.1820  75.273517     0.2910     0.2353    10.9290 1.4351e-05  0.000e+00
       3182    113.774     5.1820  75.332965     0.2910     0.1991    10.9287 1.4351e-05  0.000e+00
       3183    113.820     5.1815  75.303242     0.2425     0.1448    10.9406 7.4059e-05  0.000e+00
       3184    113.849     5.1808  75.214072     0.3395     0.1629    10.9421 1.0000e-12  0.000e+00
       3185    113.869     5.1803  75.273519     0.2910     0.1810    10.9470 1.0000e-12  0.000e+00
       3186    113.882     5.1803  75.303243     0.2910     0.1629    10.9418 4.4200e-05  0.000e+00
       3187    113.905     5.1804  75.273519     0.2910     0.1991    10.9407 1.0000e-12  0.000e+00
       3188    113.931     5.1805  75.303243     0.2425     0.1810    10.9383 1.0000e-12  0.000e+00
       3189    113.975     5.1802  75.273520     0.3395     0.1810    10.9377 1.0393e-04  0.000e+00
       3190    114.022     5.1800  75.273520     0.2910     0.2172    10.9363 2.9274e-05  0.000e+00
       3191    114.075     5.1798  75.303244     0.2425     0.3258    10.9419 5.9128e-05  0.000e+00
       3192    114.125     5.1796  75.273521     0.2910     0.2896    10.9487 1.0000e-12  0.000e+00
       3193    114.176     5.1795  75.273521     0.2910     0.2172    10.9563 1.0000e-12  0.000e+00
       3194    114.224     5.1796  75.243798     0.2910     0.1629    10.9613 7.4059e-05  0.000e+00
       3195    114.271     5.1794  75.273522     0.2910     0.1448    10.9629 1.0393e-04  0.000e+00
       3196    114.320     5.1794  75.303246     0.2910     0.1629    10.9623 5.9128e-05  0.000e+00
       3197    114.365     5.1792  75.332970     0.2910     0.1991    10.9595 7.4059e-05  0.000e+00
       3198    114.406     5.1793  75.273523     0.2425     0.1810    10.9538 1.4351e-05  0.000e+00
       3199    114.439     5.1792  75.303247     0.2425     0.2172    10.9478 2.9274e-05  0.000e+00
       3200    114.466     5.1791  75.273524     0.3395     0.2172    10.9437 1.0393e-04  0.000e+00
