OriginalCode_DR/MON10_13Aug2015050.cnv
* Sea-Bird SBE19plus Data File:
* FileName = C:\Users\User\Desktop\WorkingFolder\HEX\MON10_13Aug2015050.hex
* Software Version 1.59
* Temperature SN =  7506
* Conductivity SN =  7506
* System UpLoad Time = Aug 13 2015 16:15:39
* ds
* SBE 19plus V 2.5.2  SERIAL NO. 7506    13 Aug 2015 16:14:43
# nquan = 9
# nvalues = 6685                                  
# units = specified
# name 0 = scan: Scan Count
# name 1 = prdM: Pressure, Strain Gauge [db]
# name 2 = tv290C: Temperature [ITS-90, deg C]
# name 3 = c0uS/cm: Conductivity [uS/cm]
# name 4 = turbWETntu0: Turbidity, WET Labs ECO [NTU]
# name 5 = flECO-AFL: Fluorescence, WET Labs ECO-AFL/FL [mg/m^3]
# name 6 = sbeox0Mg/L: Oxygen, SBE 43 [mg/l]
# name 7 = par: PAR/Irradiance, Biospherical/Licor
# name 8 = flag:  0.000e+00
# span 0 =          1,       6685                 
# span 1 =     -0.213,    185.439                 
# span 2 =     5.0796,    21.3575                 
# span 3 =   0.364655, 103.376201                 
# span 4 =   -11.2035,   109.7070                 
# span 5 =    -8.8690,     9.1224                 
# span 6 =     4.6677,    12.0587                 
# span 7 = 1.0000e-12, 4.2146e+03                 
# span 8 = 0.0000e+00, 0.0000e+00                 
# interval = seconds: 0.25
# start_time = Aug 11 2015 09:49:33 [Instrument's time stamp, header]
# bad_flag = -9.990e-29
*END*
[from data line 3681]
       3682    139.255     5.1269  75.214268     0.2425     0.1448    10.8676 1.0000e-12  0.000e+00
       3683    139.313     5.1267  75.303439     0.2910     0.1629    10.8712 7.4059e-05  0.000e+00
       3684    139.362     5.1266  75.273716     0.2910     0.1810    10.8736 1.3381e-04  0.000e+00
       3685    139.404     5.1265  75.273716     0.2910     0.1629    10.8677 2.9274e-05  0.000e+00
       3686    139.448     5.1264  75.243993     0.3395     0.1810    10.8677 1.3381e-04  0.000e+00
       3687    139.496     5.1264  75.273717     0.2910     0.1448    10.8662 1.0000e-12  0.000e+00
       3688    139.543     5.1264  75.214270     0.2425     0.1629    10.8693 1.0000e-12  0.000e+00
       3689    139.595     5.1265  75.303441     0.2425     0.1267    10.8598 1.0000e-12  0.000e+00
       3690    139.649     5.1264  75.214271     0.2910     0.1629    10.8578 1.1887e-04  0.000e+00
       3691    139.713     5.1265  75.243995     0.2425     0.1629    10.8529 8.8992e-05  0.000e+00
       3692    139.784     5.1265  75.214272     0.2910     0.1810    10.8603 1.0000e-12  0.000e+00
       3693    139.854     5.1264  75.273719     0.2910     0.1267    10.8638 1.0000e-12  0.000e+00
       3694    139.919     5.1265  75.243996     0.2425     0.1629    10.8711 1.0393e-04  0.000e+00
       3695    139.965     5.1266  75.273720     0.3395     0.1810    10.8838 5.9128e-05  0.000e+00
       3696    139.998     5.1266  75.273720     0.5335     0.1991    10.8882 1.3381e-04  0.000e+00
       3697    140.024     5.1265  75.243997     0.2910     0.1991    10.8838 4.4200e-05  0.000e+00
       3698    140.053     5.1264  75.214274     0.2910     0.1629    10.8899 7.4059e-05  0.000e+00
       3699    140.093     5.1259  75.243998     0.2425     0.1810    10.8957 1.0000e-12  0.000e+00
       3700    140.142     5.1256  75.184551     0.2910     0.1810    10.8790 1.0000e-12  0.000e+00
       3701    140.216     5.1254  75.273722     0.4365     0.1629    10.8735 2.9274e-05  0.000e+00
       3702    140.292     5.1252  75.214276     0.3395     0.1810    10.8651 1.4351e-05  0.000e+00
       3703    140.364     5.1249  75.184553     0.2425     0.1629    10.8639 1.0000e-12  0.000e+00
       3704    140.425     5.1248  75.214277     0.2910     0.1267    10.8691 7.4059e-05  0.000e+00
       3705    140.473     5.1245  75.214277     0.2910     0.1629    10.8856 2.9274e-05  0.000e+00
       3706    140.514     5.1245  75.184554     0.2910     0.1448    10.8678 8.8992e-05  0.000e+00
       3707    140.546     5.1243  75.214278     0.2910     0.1448    10.8740 1.0000e-12  0.000e+00
       3708    140.581     5.1242  75.214278     0.2910     0.1629    10.8896 1.0000e-12  0.000e+00
       3709    140.619     5.1243  75.214278     0.2910     0.1448    10.8919 1.0000e-12  0.000e+00
       3710    140.663     5.1242  75.214279     0.2910     0.1991    10.8921 2.0855e-04  0.000e+00
       3711    140.721     5.1241  75.214279     0.2910     0.1629    10.8883 1.9360e-04  0.000e+00
       3712    140.784     5.1240  75.214280     0.2425     0.1267    10.8941 1.3381e-04  0.000e+00
       3713    140.855     5.1237  75.214280     0.2910     0.1448    10.8916 7.4059e-05  0.000e+00
       3714    140.916     5.1232  75.214281     0.2425     0.1629    10.9025 1.6370e-04  0.000e+00
       3715    140.972     5.1229  75.214281     0.2910     0.1629    10.8950 1.4351e-05  0.000e+00
       3716    141.020     5.1228  75.214282     0.2425     0.1448    10.8916 8.8992e-05  0.000e+00
       3717    141.059     5.1226  75.244005     0.2910     0.1810    10.8802 1.0000e-12  0.000e+00
       3718    141.101     5.1226  75.214282     0.2910     0.1991    10.8703 5.9128e-05  0.000e+00
       3719    141.150     5.1226  75.214283     0.2425     0.1810    10.8661 8.8992e-05  0.000e+00
       3720    141.191     5.1226  75.244006     0.2910     0.2172    10.8706 2.9274e-05  0.000e+00
       3721    141.226     5.1225  75.214283     0.2910     0.1991    10.8650 1.1887e-04  0.000e+00
       3722    141.259     5.1225  75.214283     0.2910     0.1448    10.8674 1.0000e-12  0.000e+00
       3723    141.306     5.1227  75.214284     0.2910     0.1629    10.8745 1.0000e-12  0.000e+00
       3724    141.361     5.1225  75.273731     0.2910     0.1448    10.8908 7.4059e-05  0.000e+00
       3725    141.424     5.1225  75.214285     0.3395     0.1629    10.8899 1.0000e-12  0.000e+00
       3726    141.485     5.1224  75.214285     0.2910     0.1810    10.8953 1.0000e-12  0.000e+00
       3727    141.543     5.1224  75.214286     0.3395     0.1448    10.8861 5.9128e-05  0.000e+00
       3728    141.590     5.1223  75.214286     0.2910     0.1629    10.8818 1.0393e-04  0.000e+00
       3729    141.627     5.1220  75.214286     0.3395     0.1629    10.8794 1.0000e-12  0.000e+00
       3730    141.654     5.1219  75.214286     0.2425     0.1448    10.8721 1.7865e-04  0.000e+00
       3731    141.681     5.1219  75.214287     0.3395     0.1629    10.8664 1.4351e-05  0.000e+00
       3732    141.719     5.1218  75.244010     0.2910     0.1448    10.8663 8.8992e-05  0.000e+00
       3733    141.771     5.1217  75.214287     0.2910     0.1448    10.8754 1.4875e-04  0.000e+00
       3734    141.835     5.1215  75.214288     0.2910     0.1629    10.8783 1.3381e-04  0.000e+00
       3735    141.903     5.1216  75.244012     0.3395     0.1629    10.8789 1.0000e-12  0.000e+00
       3736    141.966     5.1215  75.214289     0.2910     0.1810    10.8712 2.0855e-04  0.000e+00
       3737    142.035     5.1217  75.273736     0.3395     0.1629    10.8614 1.6370e-04  0.000e+00
       3738    142.101     5.1219  75.214290     0.2910     0.1448    10.8673 1.0000e-12  0.000e+00
       3739    142.155     5.1218  75.184567     0.2425     0.1629    10.8560 8.8992e-05  0.000e+00
       3740    142.194     5.1217  75.214290     0.2910     0.1810    10.8471 1.0000e-12  0.000e+00
       3741    142.216     5.1215  75.214291     0.2910     0.1810    10.8417 7.4059e-05  0.000e+00
       3742    142.228     5.1214  75.214291     0.2910     0.1991    10.8433 1.4351e-05  0.000e+00
       3743    142.241     5.1212  75.214291     0.2425     0.1448    10.8446 1.0000e-12  0.000e+00
       3744    142.270     5.1213  75.214291     0.2425     0.1448    10.8405 1.0000e-12  0.000e+00
       3745    142.314     5.1211  75.214291     0.2910     0.1448    10.8533 1.1887e-04  0.000e+00
       3746    142.371     5.1211  75.214292     0.2425     0.1629    10.8554 1.0000e-12  0.000e+00
       3747    142.437     5.1210  75.214292     0.2910     0.1810    10.8716 1.0000e-12  0.000e+00
       3748    142.499     5.1210  75.214293     0.2910     0.1810    10.8756 1.6370e-04  0.000e+00
       3749    142.565     5.1208  75.214293     0.2425     0.1267    10.8805 2.9274e-05  0.000e+00
       3750    142.628     5.1206  75.214294     0.2910     0.1448    10.8812 1.0393e-04  0.000e+00
       3751    142.687     5.1202  75.244018     0.2910     0.1448    10.8854 7.4059e-05  0.000e+00
       3752    142.739     5.1201  75.214295     0.2910     0.1629    10.8826 1.6370e-04  0.000e+00
       3753    142.782     5.1201  75.154848     0.2910     0.1448    10.8853 1.0000e-12  0.000e+00
       3754    142.826     5.1200  75.214295     0.2910     0.1810    10.8890 1.0000e-12  0.000e+00
       3755    142.871     5.1198  75.214296     0.2910     0.1810    10.8873 2.9274e-05  0.000e+00
       3756    142.924     5.1197  75.214296     0.3395     0.1629    10.8884 7.4059e-05  0.000e+00
       3757    142.982     5.1197  75.214297     0.3395     0.1629    10.8934 2.9274e-05  0.000e+00
       3758    143.038     5.1198  75.214297     0.2910     0.1629    10.8913 1.4351e-05  0.000e+00
       3759    143.102     5.1198  75.244021     0.2425     0.1810    10.8948 1.0000e-12  0.000e+00
       3760    143.175     5.1198  75.184574     0.3395     0.1810    10.8939 1.3381e-04  0.000e+00
       3761    143.239     5.1198  75.214298     0.2425     0.1810    10.8929 1.0000e-12  0.000e+00
       3762    143.287     5.1195  75.184575     0.3395     0.1810    10.8978 1.4351e-05  0.000e+00
       3763    143.316     5.1193  75.214299     0.3395     0.1448    10.9001 2.9274e-05  0.000e+00
       3764    143.334     5.1193  75.244023     0.2910     0.1629    10.8911 7.4059e-05  0.000e+00
       3765    143.345     5.1194  75.184576     0.3395     0.1448    10.8789 1.0000e-12  0.000e+00
       3766    143.378     5.1196  75.244023     0.2425     0.1810    10.8713 1.0000e-12  0.000e+00
       3767    143.430     5.1197  75.273747     0.2910     0.1810    10.8639 5.9128e-05  0.000e+00
       3768    143.503     5.1199  75.214300     0.3395     0.1810    10.8619 2.9274e-05  0.000e+00
       3769    143.581     5.1200  75.214301     0.2910     0.1629    10.8683 1.3381e-04  0.000e+00
       3770    143.659     5.1199  75.184578     0.2425     0.2172    10.8744 8.8992e-05  0.000e+00
       3771    143.730     5.1198  75.214302     0.3395     0.1629    10.8884 1.0000e-12  0.000e+00
       3772    143.796     5.1197  75.244026     0.2910     0.1629    10.8921 2.9274e-05  0.000e+00
       3773    143.856     5.1194  75.214303     0.3395     0.1448    10.8993 1.0000e-12  0.000e+00
       3774    143.912     5.1195  75.244027     0.2910     0.1629    10.9142 1.0000e-12  0.000e+00
       3775    143.954     5.1197  75.214304     0.2425     0.1629    10.9032 4.4200e-05  0.000e+00
       3776    143.986     5.1198  75.214304     0.2910     0.1448    10.8829 1.0000e-12  0.000e+00
       3777    144.010     5.1200  75.214304     0.2425     0.1448    10.8738 1.0393e-04  0.000e+00
       3778    144.037     5.1200  75.214304     0.2910     0.1629    10.8591 7.4059e-05  0.000e+00
       3779    144.076     5.1199  75.214304     0.2910     0.1267    10.8500 1.0000e-12  0.000e+00
       3780    144.127     5.1199  75.214305     0.2425     0.1629    10.8523 1.4875e-04  0.000e+00
       3781    144.177     5.1199  75.214305     0.2425     0.1448    10.8431 1.0000e-12  0.000e+00
       3782    144.224     5.1200  75.214305     0.2910     0.1448    10.8456 8.8992e-05  0.000e+00
       3783    144.264     5.1199  75.184582     0.2910     0.1448    10.8665 1.0000e-12  0.000e+00
       3784    144.298     5.1197  75.184583     0.2425     0.1810    10.8685 1.0000e-12  0.000e+00
       3785    144.330     5.1193  75.214306     0.3395     0.1448    10.8731 2.9274e-05  0.000e+00
       3786    144.366     5.1191  75.184583     0.2910     0.1629    10.8768 4.4200e-05  0.000e+00
       3787    144.401     5.1190  75.214307     0.3395     0.1629    10.8797 2.9274e-05  0.000e+00
       3788    144.439     5.1190  75.214307     0.3395     0.1267    10.8848 2.9274e-05  0.000e+00
       3789    144.479     5.1189  75.214308     0.3395     0.1991    10.8906 1.0000e-12  0.000e+00
       3790    144.519     5.1188  75.214308     0.3395     0.1629    10.8809 1.0000e-12  0.000e+00
       3791    144.564     5.1188  75.184585     0.2425     0.1810    10.8849 1.0000e-12  0.000e+00
       3792    144.608     5.1186  75.214309     0.3395     0.1448    10.8818 1.0393e-04  0.000e+00
       3793    144.655     5.1186  75.214309     0.3395     0.1448    10.8776 1.4351e-05  0.000e+00
       3794    144.700     5.1188  75.184586     0.2910     0.1629    10.8767 1.0000e-12  0.000e+00
       3795    144.745     5.1186  75.244033     0.2910     0.1629    10.8697 1.0000e-12  0.000e+00
       3796    144.791     5.1186  75.214310     0.3395     0.1629    10.8661 1.6370e-04  0.000e+00
       3797    144.841     5.1185  75.214310     0.3395     0.1448    10.8582 1.0000e-12  0.000e+00
       3798    144.902     5.1184  75.214311     0.2910     0.1448    10.8656 1.0000e-12  0.000e+00
       3799    144.967     5.1184  75.184588     0.2425     0.1448    10.8598 1.7865e-04  0.000e+00
       3800    145.031     5.1183  75.214312     0.2910     0.1448    10.8625 1.0000e-12  0.000e+00
       3801    145.093     5.1181  75.214312     0.2910     0.1629    10.8612 4.4200e-05  0.000e+00
       3802    145.152     5.1180  75.214313     0.2910     0.1629    10.8695 5.9128e-05  0.000e+00
       3803    145.198     5.1179  75.244036     0.2910     0.1448    10.8807 1.0000e-12  0.000e+00
       3804    145.231     5.1179  75.214313     0.2910     0.1810    10.8759 1.0393e-04  0.000e+00
       3805    145.265     5.1176  75.184590     0.2910     0.1448    10.8911 1.0000e-12  0.000e+00
       3806    145.297     5.1176  75.214314     0.2910     0.1629    10.8890 1.4875e-04  0.000e+00
       3807    145.331     5.1175  75.184591     0.2910     0.1629    10.8892 1.6370e-04  0.000e+00
       3808    145.365     5.1173  75.244038     0.2910     0.1810    10.8958 1.0000e-12  0.000e+00
       3809    145.407     5.1173  75.214315     0.2425     0.1629    10.8874 1.0000e-12  0.000e+00
       3810    145.456     5.1172  75.184592     0.2910     0.1629    10.8907 5.9128e-05  0.000e+00
       3811    145.509     5.1172  75.244039     0.2425     0.1629    10.8851 1.0000e-12  0.000e+00
       3812    145.563     5.1171  75.184592     0.3395     0.1629    10.8853 1.1887e-04  0.000e+00
       3813    145.608     5.1171  75.214316     0.2910     0.1267    10.8743 1.0000e-12  0.000e+00
       3814    145.645     5.1171  75.214316     0.3395     0.1629    10.8787 7.4059e-05  0.000e+00
       3815    145.674     5.1168  75.214317     0.3395     0.1629    10.8738 1.0000e-12  0.000e+00
       3816    145.697     5.1168  75.214317     0.2910     0.1629    10.8807 1.0000e-12  0.000e+00
       3817    145.711     5.1167  75.184594     0.2910     0.1448    10.8789 1.0393e-04  0.000e+00
       3818    145.712     5.1166  75.184594     0.2910     0.1267    10.8640 1.0000e-12  0.000e+00
       3819    145.706     5.1166  75.214317     0.3395     0.1810    10.8632 1.0393e-04  0.000e+00
       3820    145.696     5.1167  75.214317     0.3395     0.1810    10.8667 5.9128e-05  0.000e+00
       3821    145.688     5.1170  75.184593     0.2910     0.1629    10.8622 4.4200e-05  0.000e+00
       3822    145.685     5.1175  75.214317     0.2425     0.1448    10.8656 1.3381e-04  0.000e+00
       3823    145.705     5.1176  75.214317     0.2425     0.1267    10.8738 5.9128e-05  0.000e+00
       3824    145.747     5.1182  75.214317     0.3395     0.1629    10.8711 7.4059e-05  0.000e+00
       3825    145.808     5.1184  75.214317     0.2425     0.1267    10.8758 7.4059e-05  0.000e+00
       3826    145.884     5.1178  75.214318     0.2910     0.1629    10.8769 1.0000e-12  0.000e+00
       3827    145.958     5.1171  75.154872     0.2910     0.1448    10.8741 7.4059e-05  0.000e+00
       3828    146.020     5.1167  75.214319     0.3395     0.1448    10.8785 1.1887e-04  0.000e+00
       3829    146.074     5.1164  75.184596     0.3395     0.1629    10.8791 7.4059e-05  0.000e+00
       3830    146.122     5.1162  75.214320     0.2910     0.1629    10.8750 2.9274e-05  0.000e+00
       3831    146.169     5.1162  75.214320     0.3395     0.1448    10.8827 1.4351e-05  0.000e+00
       3832    146.220     5.1162  75.214321     0.2910     0.1448    10.8919 1.0393e-04  0.000e+00
       3833    146.270     5.1162  75.214321     0.2910     0.1448    10.8891 7.4059e-05  0.000e+00
       3834    146.320     5.1163  75.184598     0.2425     0.1629    10.8887 8.8992e-05  0.000e+00
       3835    146.363     5.1163  75.244045     0.2425     0.1448    10.8895 2.9274e-05  0.000e+00
       3836    146.405     5.1164  75.214322     0.2910     0.1810    10.8910 1.7865e-04  0.000e+00
       3837    146.447     5.1167  75.184599     0.3395     0.1448    10.8909 7.4059e-05  0.000e+00
       3838    146.485     5.1167  75.244046     0.2910     0.1448    10.8926 1.0000e-12  0.000e+00
       3839    146.517     5.1169  75.184599     0.3395     0.1267    10.8880 7.4059e-05  0.000e+00
       3840    146.539     5.1168  75.154876     0.2910     0.1267    10.8784 7.4059e-05  0.000e+00
